id	chrom	len	cumul
scaff_group001	NW_024606619.1	10027	10027
scaff_group001	NW_024606620.1	10041	20068
scaff_group001	NW_024606621.1	10041	30109
scaff_group001	NW_024606622.1	10055	40164
scaff_group001	NW_024606623.1	10071	50235
scaff_group001	NW_024606624.1	10071	60306
scaff_group001	NW_024606625.1	10072	70378
scaff_group001	NW_024606626.1	10078	80456
scaff_group001	NW_024606627.1	10080	90536
scaff_group001	NW_024606628.1	10085	100621
scaff_group001	NW_024606629.1	10104	110725
scaff_group001	NW_024606630.1	10120	120845
scaff_group001	NW_024606631.1	10127	130972
scaff_group001	NW_024606632.1	10136	141108
scaff_group001	NW_024606633.1	10137	151245
scaff_group001	NW_024606634.1	10142	161387
scaff_group001	NW_024606635.1	10143	171530
scaff_group001	NW_024606636.1	10148	181678
scaff_group001	NW_024606637.1	10164	191842
scaff_group001	NW_024606638.1	10168	202010
scaff_group001	NW_024606639.1	10173	212183
scaff_group001	NW_024606640.1	10175	222358
scaff_group001	NW_024606641.1	10175	232533
scaff_group001	NW_024606642.1	10181	242714
scaff_group001	NW_024606643.1	10186	252900
scaff_group001	NW_024606644.1	10203	263103
scaff_group001	NW_024606645.1	10207	273310
scaff_group001	NW_024606646.1	10215	283525
scaff_group001	NW_024606647.1	10221	293746
scaff_group001	NW_024606648.1	10227	303973
scaff_group001	NW_024606649.1	10252	314225
scaff_group001	NW_024606650.1	10254	324479
scaff_group001	NW_024606651.1	10259	334738
scaff_group001	NW_024606652.1	10268	345006
scaff_group001	NW_024606653.1	10289	355295
scaff_group001	NW_024606654.1	10293	365588
scaff_group001	NW_024606655.1	10293	375881
scaff_group001	NW_024606656.1	10296	386177
scaff_group001	NW_024606657.1	10308	396485
scaff_group001	NW_024606658.1	10319	406804
scaff_group001	NW_024606659.1	10324	417128
scaff_group001	NW_024606660.1	10325	427453
scaff_group001	NW_024606661.1	10361	437814
scaff_group001	NW_024606662.1	10367	448181
scaff_group001	NW_024606663.1	10372	458553
scaff_group001	NW_024606664.1	10402	468955
scaff_group001	NW_024606665.1	10414	479369
scaff_group001	NW_024606666.1	10416	489785
scaff_group001	NW_024606667.1	10449	500234
scaff_group001	NW_024606668.1	10490	510724
scaff_group001	NW_024606669.1	10494	521218
scaff_group001	NW_024606670.1	10505	531723
scaff_group001	NW_024606671.1	10517	542240
scaff_group001	NW_024606672.1	10528	552768
scaff_group001	NW_024606673.1	10547	563315
scaff_group001	NW_024606674.1	10565	573880
scaff_group001	NW_024606675.1	10565	584445
scaff_group001	NW_024606676.1	10571	595016
scaff_group001	NW_024606677.1	10594	605610
scaff_group001	NW_024606678.1	10597	616207
scaff_group001	NW_024606679.1	10599	626806
scaff_group001	NW_024606680.1	10606	637412
scaff_group001	NW_024606681.1	10615	648027
scaff_group001	NW_024606682.1	10622	658649
scaff_group001	NW_024606683.1	10651	669300
scaff_group001	NW_024606684.1	10661	679961
scaff_group001	NW_024606685.1	10680	690641
scaff_group001	NW_024606686.1	10704	701345
scaff_group001	NW_024606687.1	10708	712053
scaff_group001	NW_024606688.1	10716	722769
scaff_group001	NW_024606689.1	10742	733511
scaff_group001	NW_024606690.1	10749	744260
scaff_group001	NW_024606691.1	10762	755022
scaff_group001	NW_024606692.1	10789	765811
scaff_group001	NW_024606693.1	10812	776623
scaff_group001	NW_024606694.1	10813	787436
scaff_group001	NW_024606695.1	10827	798263
scaff_group001	NW_024606696.1	10838	809101
scaff_group001	NW_024606697.1	10901	820002
scaff_group001	NW_024606698.1	10913	830915
scaff_group001	NW_024606699.1	10938	841853
scaff_group001	NW_024606700.1	10939	852792
scaff_group001	NW_024606701.1	10946	863738
scaff_group001	NW_024606702.1	10994	874732
scaff_group001	NW_024606703.1	11007	885739
scaff_group001	NW_024606704.1	11011	896750
scaff_group001	NW_024606705.1	11019	907769
scaff_group001	NW_024606706.1	11035	918804
scaff_group001	NW_024606707.1	11049	929853
scaff_group001	NW_024606708.1	11050	940903
scaff_group001	NW_024606709.1	11066	951969
scaff_group001	NW_024606710.1	11068	963037
scaff_group001	NW_024606711.1	11084	974121
scaff_group001	NW_024606712.1	11093	985214
scaff_group001	NW_024606713.1	11096	996310
scaff_group001	NW_024606714.1	11100	1007410
scaff_group001	NW_024606715.1	11106	1018516
scaff_group001	NW_024606716.1	11120	1029636
scaff_group001	NW_024606717.1	11131	1040767
scaff_group001	NW_024606718.1	11135	1051902
scaff_group001	NW_024606719.1	11137	1063039
scaff_group001	NW_024606720.1	11157	1074196
scaff_group001	NW_024606721.1	11161	1085357
scaff_group001	NW_024606722.1	11163	1096520
scaff_group001	NW_024606723.1	11165	1107685
scaff_group001	NW_024606724.1	11166	1118851
scaff_group001	NW_024606725.1	11185	1130036
scaff_group001	NW_024606726.1	11186	1141222
scaff_group001	NW_024606727.1	11200	1152422
scaff_group001	NW_024606728.1	11200	1163622
scaff_group001	NW_024606729.1	11239	1174861
scaff_group001	NW_024606730.1	11242	1186103
scaff_group001	NW_024606731.1	11245	1197348
scaff_group001	NW_024606732.1	11262	1208610
scaff_group001	NW_024606733.1	11309	1219919
scaff_group001	NW_024606734.1	11323	1231242
scaff_group001	NW_024606735.1	11328	1242570
scaff_group001	NW_024606736.1	11352	1253922
scaff_group001	NW_024606737.1	11360	1265282
scaff_group001	NW_024606738.1	11369	1276651
scaff_group001	NW_024606739.1	11370	1288021
scaff_group001	NW_024606740.1	11377	1299398
scaff_group001	NW_024606741.1	11378	1310776
scaff_group001	NW_024606742.1	11386	1322162
scaff_group001	NW_024606743.1	11420	1333582
scaff_group001	NW_024606744.1	11450	1345032
scaff_group001	NW_024606745.1	11458	1356490
scaff_group001	NW_024606746.1	11459	1367949
scaff_group001	NW_024606747.1	11535	1379484
scaff_group001	NW_024606748.1	11545	1391029
scaff_group001	NW_024606749.1	11602	1402631
scaff_group001	NW_024606750.1	11609	1414240
scaff_group001	NW_024606751.1	11619	1425859
scaff_group001	NW_024606752.1	11628	1437487
scaff_group001	NW_024606753.1	11636	1449123
scaff_group001	NW_024606754.1	11646	1460769
scaff_group001	NW_024606755.1	11649	1472418
scaff_group001	NW_024606756.1	11660	1484078
scaff_group001	NW_024606757.1	11667	1495745
scaff_group001	NW_024606758.1	11670	1507415
scaff_group001	NW_024606759.1	11681	1519096
scaff_group001	NW_024606760.1	11699	1530795
scaff_group001	NW_024606761.1	11730	1542525
scaff_group001	NW_024606762.1	11737	1554262
scaff_group001	NW_024606763.1	11743	1566005
scaff_group001	NW_024606764.1	11752	1577757
scaff_group001	NW_024606765.1	11777	1589534
scaff_group001	NW_024606766.1	11779	1601313
scaff_group001	NW_024606767.1	11787	1613100
scaff_group001	NW_024606768.1	11793	1624893
scaff_group001	NW_024606769.1	11810	1636703
scaff_group001	NW_024606770.1	11819	1648522
scaff_group001	NW_024606771.1	11821	1660343
scaff_group001	NW_024606772.1	11824	1672167
scaff_group001	NW_024606773.1	11844	1684011
scaff_group001	NW_024606774.1	11859	1695870
scaff_group001	NW_024606775.1	11884	1707754
scaff_group001	NW_024606776.1	11890	1719644
scaff_group001	NW_024606777.1	11890	1731534
scaff_group001	NW_024606778.1	11906	1743440
scaff_group001	NW_024606779.1	11916	1755356
scaff_group001	NW_024606780.1	11923	1767279
scaff_group001	NW_024606781.1	11940	1779219
scaff_group001	NW_024606782.1	11944	1791163
scaff_group001	NW_024606783.1	11947	1803110
scaff_group001	NW_024606784.1	11957	1815067
scaff_group001	NW_024606785.1	11962	1827029
scaff_group001	NW_024606786.1	11967	1838996
scaff_group001	NW_024606787.1	12000	1850996
scaff_group001	NW_024606788.1	12014	1863010
scaff_group001	NW_024606789.1	12039	1875049
scaff_group001	NW_024606790.1	12070	1887119
scaff_group001	NW_024606791.1	12078	1899197
scaff_group001	NW_024606792.1	12099	1911296
scaff_group001	NW_024606793.1	12110	1923406
scaff_group001	NW_024606794.1	12114	1935520
scaff_group001	NW_024606795.1	12123	1947643
scaff_group001	NW_024606796.1	12135	1959778
scaff_group001	NW_024606797.1	12154	1971932
scaff_group001	NW_024606798.1	12169	1984101
scaff_group001	NW_024606799.1	12174	1996275
scaff_group001	NW_024606800.1	12191	2008466
scaff_group001	NW_024606801.1	12196	2020662
scaff_group001	NW_024606802.1	12219	2032881
scaff_group001	NW_024606803.1	12233	2045114
scaff_group001	NW_024606804.1	12254	2057368
scaff_group001	NW_024606805.1	12260	2069628
scaff_group001	NW_024606806.1	12272	2081900
scaff_group001	NW_024606807.1	12290	2094190
scaff_group001	NW_024606808.1	12291	2106481
scaff_group001	NW_024606809.1	12303	2118784
scaff_group001	NW_024606810.1	12310	2131094
scaff_group001	NW_024606811.1	12313	2143407
scaff_group001	NW_024606812.1	12321	2155728
scaff_group001	NW_024606813.1	12324	2168052
scaff_group001	NW_024606814.1	12334	2180386
scaff_group001	NW_024606815.1	12345	2192731
scaff_group001	NW_024606816.1	12350	2205081
scaff_group001	NW_024606817.1	12357	2217438
scaff_group001	NW_024606818.1	12359	2229797
scaff_group001	NW_024606819.1	12394	2242191
scaff_group001	NW_024606820.1	12430	2254621
scaff_group001	NW_024606821.1	12439	2267060
scaff_group001	NW_024606822.1	12449	2279509
scaff_group001	NW_024606823.1	12451	2291960
scaff_group001	NW_024606824.1	12466	2304426
scaff_group001	NW_024606825.1	12492	2316918
scaff_group001	NW_024606826.1	12500	2329418
scaff_group001	NW_024606827.1	12511	2341929
scaff_group001	NW_024606828.1	12515	2354444
scaff_group001	NW_024606829.1	12541	2366985
scaff_group001	NW_024606830.1	12543	2379528
scaff_group001	NW_024606831.1	12555	2392083
scaff_group001	NW_024606832.1	12564	2404647
scaff_group001	NW_024606833.1	12569	2417216
scaff_group001	NW_024606834.1	12570	2429786
scaff_group001	NW_024606835.1	12571	2442357
scaff_group001	NW_024606836.1	12574	2454931
scaff_group001	NW_024606837.1	12575	2467506
scaff_group001	NW_024606838.1	12581	2480087
scaff_group001	NW_024606839.1	12582	2492669
scaff_group001	NW_024606840.1	12599	2505268
scaff_group001	NW_024606841.1	12614	2517882
scaff_group001	NW_024606842.1	12615	2530497
scaff_group001	NW_024606843.1	12631	2543128
scaff_group001	NW_024606844.1	12637	2555765
scaff_group001	NW_024606845.1	12638	2568403
scaff_group001	NW_024606846.1	12641	2581044
scaff_group001	NW_024606847.1	12672	2593716
scaff_group001	NW_024606848.1	12682	2606398
scaff_group001	NW_024606849.1	12699	2619097
scaff_group001	NW_024606850.1	12718	2631815
scaff_group001	NW_024606851.1	12744	2644559
scaff_group001	NW_024606852.1	12760	2657319
scaff_group001	NW_024606853.1	12768	2670087
scaff_group001	NW_024606854.1	12804	2682891
scaff_group001	NW_024606855.1	12810	2695701
scaff_group001	NW_024606856.1	12816	2708517
scaff_group001	NW_024606857.1	12827	2721344
scaff_group001	NW_024606858.1	12832	2734176
scaff_group001	NW_024606859.1	12850	2747026
scaff_group001	NW_024606860.1	12859	2759885
scaff_group001	NW_024606861.1	12861	2772746
scaff_group001	NW_024606862.1	12873	2785619
scaff_group001	NW_024606863.1	12921	2798540
scaff_group001	NW_024606864.1	12925	2811465
scaff_group001	NW_024606865.1	12931	2824396
scaff_group001	NW_024606866.1	12933	2837329
scaff_group001	NW_024606867.1	12936	2850265
scaff_group001	NW_024606868.1	12985	2863250
scaff_group001	NW_024606869.1	13006	2876256
scaff_group001	NW_024606870.1	13013	2889269
scaff_group001	NW_024606871.1	13045	2902314
scaff_group001	NW_024606872.1	13077	2915391
scaff_group001	NW_024606873.1	13081	2928472
scaff_group001	NW_024606874.1	13090	2941562
scaff_group001	NW_024606875.1	13127	2954689
scaff_group001	NW_024606876.1	13136	2967825
scaff_group001	NW_024606877.1	13144	2980969
scaff_group001	NW_024606878.1	13150	2994119
scaff_group001	NW_024606879.1	13150	3007269
scaff_group001	NW_024606880.1	13151	3020420
scaff_group001	NW_024606881.1	13176	3033596
scaff_group001	NW_024606882.1	13234	3046830
scaff_group001	NW_024606883.1	13261	3060091
scaff_group001	NW_024606884.1	13262	3073353
scaff_group001	NW_024606885.1	13273	3086626
scaff_group001	NW_024606886.1	13285	3099911
scaff_group001	NW_024606887.1	13289	3113200
scaff_group001	NW_024606888.1	13300	3126500
scaff_group001	NW_024606889.1	13330	3139830
scaff_group001	NW_024606890.1	13332	3153162
scaff_group001	NW_024606891.1	13430	3166592
scaff_group001	NW_024606892.1	13440	3180032
scaff_group001	NW_024606893.1	13443	3193475
scaff_group001	NW_024606894.1	13446	3206921
scaff_group001	NW_024606895.1	13470	3220391
scaff_group001	NW_024606896.1	13474	3233865
scaff_group001	NW_024606897.1	13487	3247352
scaff_group001	NW_024606898.1	13508	3260860
scaff_group001	NW_024606899.1	13522	3274382
scaff_group001	NW_024606900.1	13529	3287911
scaff_group001	NW_024606901.1	13530	3301441
scaff_group001	NW_024606902.1	13545	3314986
scaff_group001	NW_024606903.1	13569	3328555
scaff_group001	NW_024606904.1	13577	3342132
scaff_group001	NW_024606905.1	13590	3355722
scaff_group001	NW_024606906.1	13591	3369313
scaff_group001	NW_024606907.1	13597	3382910
scaff_group001	NW_024606908.1	13619	3396529
scaff_group001	NW_024606909.1	13632	3410161
scaff_group001	NW_024606910.1	13638	3423799
scaff_group001	NW_024606911.1	13646	3437445
scaff_group001	NW_024606912.1	13670	3451115
scaff_group001	NW_024606913.1	13686	3464801
scaff_group001	NW_024606914.1	13712	3478513
scaff_group001	NW_024606915.1	13729	3492242
scaff_group001	NW_024606916.1	13779	3506021
scaff_group001	NW_024606917.1	13789	3519810
scaff_group001	NW_024606918.1	13795	3533605
scaff_group001	NW_024606919.1	13860	3547465
scaff_group001	NW_024606920.1	13861	3561326
scaff_group001	NW_024606921.1	13869	3575195
scaff_group001	NW_024606922.1	13890	3589085
scaff_group001	NW_024606923.1	13891	3602976
scaff_group001	NW_024606924.1	13905	3616881
scaff_group001	NW_024606925.1	13964	3630845
scaff_group001	NW_024606926.1	13976	3644821
scaff_group001	NW_024606927.1	13979	3658800
scaff_group001	NW_024606928.1	13993	3672793
scaff_group001	NW_024606929.1	14014	3686807
scaff_group001	NW_024606930.1	14020	3700827
scaff_group001	NW_024606931.1	14042	3714869
scaff_group001	NW_024606932.1	14049	3728918
scaff_group001	NW_024606933.1	14050	3742968
scaff_group001	NW_024606934.1	14069	3757037
scaff_group001	NW_024606935.1	14075	3771112
scaff_group001	NW_024606936.1	14091	3785203
scaff_group001	NW_024606937.1	14123	3799326
scaff_group001	NW_024606938.1	14211	3813537
scaff_group001	NW_024606939.1	14213	3827750
scaff_group001	NW_024606940.1	14226	3841976
scaff_group001	NW_024606941.1	14251	3856227
scaff_group001	NW_024606942.1	14258	3870485
scaff_group001	NW_024606943.1	14261	3884746
scaff_group001	NW_024606944.1	14262	3899008
scaff_group001	NW_024606945.1	14297	3913305
scaff_group001	NW_024606946.1	14311	3927616
scaff_group001	NW_024606947.1	14324	3941940
scaff_group001	NW_024606948.1	14335	3956275
scaff_group001	NW_024606949.1	14340	3970615
scaff_group001	NW_024606950.1	14356	3984971
scaff_group001	NW_024606951.1	14357	3999328
scaff_group001	NW_024606952.1	14374	4013702
scaff_group001	NW_024606953.1	14386	4028088
scaff_group001	NW_024606954.1	14416	4042504
scaff_group001	NW_024606955.1	14428	4056932
scaff_group001	NW_024606956.1	14487	4071419
scaff_group001	NW_024606957.1	14489	4085908
scaff_group001	NW_024606958.1	14499	4100407
scaff_group001	NW_024606959.1	14499	4114906
scaff_group001	NW_024606960.1	14509	4129415
scaff_group001	NW_024606961.1	14529	4143944
scaff_group001	NW_024606962.1	14555	4158499
scaff_group001	NW_024606963.1	14564	4173063
scaff_group001	NW_024606964.1	14576	4187639
scaff_group001	NW_024606965.1	14586	4202225
scaff_group001	NW_024606966.1	14617	4216842
scaff_group001	NW_024606967.1	14622	4231464
scaff_group001	NW_024606968.1	14629	4246093
scaff_group001	NW_024606969.1	14666	4260759
scaff_group001	NW_024606970.1	14700	4275459
scaff_group001	NW_024606971.1	14735	4290194
scaff_group001	NW_024606972.1	14738	4304932
scaff_group001	NW_024606973.1	14740	4319672
scaff_group001	NW_024606974.1	14772	4334444
scaff_group001	NW_024606975.1	14797	4349241
scaff_group001	NW_024606976.1	14808	4364049
scaff_group001	NW_024606977.1	14836	4378885
scaff_group001	NW_024606978.1	14839	4393724
scaff_group001	NW_024606979.1	14849	4408573
scaff_group001	NW_024606980.1	14874	4423447
scaff_group001	NW_024606981.1	14891	4438338
scaff_group001	NW_024606982.1	14905	4453243
scaff_group001	NW_024606983.1	14924	4468167
scaff_group001	NW_024606984.1	14927	4483094
scaff_group001	NW_024606985.1	14939	4498033
scaff_group001	NW_024606986.1	14943	4512976
scaff_group001	NW_024606987.1	14944	4527920
scaff_group001	NW_024606988.1	15021	4542941
scaff_group001	NW_024606989.1	15046	4557987
scaff_group001	NW_024606990.1	15047	4573034
scaff_group001	NW_024606991.1	15066	4588100
scaff_group001	NW_024606992.1	15102	4603202
scaff_group001	NW_024606993.1	15125	4618327
scaff_group001	NW_024606994.1	15154	4633481
scaff_group001	NW_024606995.1	15183	4648664
scaff_group001	NW_024606996.1	15196	4663860
scaff_group001	NW_024606997.1	15204	4679064
scaff_group001	NW_024606998.1	15223	4694287
scaff_group001	NW_024606999.1	15255	4709542
scaff_group001	NW_024607000.1	15270	4724812
scaff_group001	NW_024607001.1	15336	4740148
scaff_group001	NW_024607002.1	15343	4755491
scaff_group001	NW_024607003.1	15348	4770839
scaff_group001	NW_024607004.1	15371	4786210
scaff_group001	NW_024607005.1	15402	4801612
scaff_group001	NW_024607006.1	15482	4817094
scaff_group001	NW_024607007.1	15527	4832621
scaff_group001	NW_024607008.1	15553	4848174
scaff_group001	NW_024607009.1	15576	4863750
scaff_group001	NW_024607010.1	15579	4879329
scaff_group001	NW_024607011.1	15627	4894956
scaff_group001	NW_024607012.1	15664	4910620
scaff_group001	NW_024607013.1	15691	4926311
scaff_group001	NW_024607014.1	15698	4942009
scaff_group001	NW_024607015.1	15746	4957755
scaff_group001	NW_024607016.1	15746	4973501
scaff_group001	NW_024607017.1	15782	4989283
scaff_group001	NW_024607018.1	15790	5005073
scaff_group001	NW_024607019.1	15823	5020896
scaff_group001	NW_024607020.1	15825	5036721
scaff_group001	NW_024607021.1	15845	5052566
scaff_group001	NW_024607022.1	15860	5068426
scaff_group001	NW_024607023.1	15863	5084289
scaff_group001	NW_024607024.1	15945	5100234
scaff_group001	NW_024607025.1	15998	5116232
scaff_group001	NW_024607026.1	16016	5132248
scaff_group001	NW_024607027.1	16030	5148278
scaff_group001	NW_024607028.1	16036	5164314
scaff_group001	NW_024607029.1	16036	5180350
scaff_group001	NW_024607030.1	16057	5196407
scaff_group001	NW_024607031.1	16059	5212466
scaff_group001	NW_024607032.1	16098	5228564
scaff_group001	NW_024607033.1	16129	5244693
scaff_group001	NW_024607034.1	16131	5260824
scaff_group001	NW_024607035.1	16153	5276977
scaff_group001	NW_024607036.1	16156	5293133
scaff_group001	NW_024607037.1	16205	5309338
scaff_group001	NW_024607038.1	16211	5325549
scaff_group001	NW_024607039.1	16264	5341813
scaff_group001	NW_024607040.1	16292	5358105
scaff_group001	NW_024607041.1	16297	5374402
scaff_group001	NW_024607042.1	16323	5390725
scaff_group001	NW_024607043.1	16352	5407077
scaff_group001	NW_024607044.1	16384	5423461
scaff_group001	NW_024607045.1	16400	5439861
scaff_group001	NW_024607046.1	16405	5456266
scaff_group001	NW_024607047.1	16423	5472689
scaff_group001	NW_024607048.1	16450	5489139
scaff_group001	NW_024607049.1	16458	5505597
scaff_group001	NW_024607050.1	16460	5522057
scaff_group001	NW_024607051.1	16461	5538518
scaff_group001	NW_024607052.1	16462	5554980
scaff_group001	NW_024607053.1	16470	5571450
scaff_group001	NW_024607054.1	16479	5587929
scaff_group001	NW_024607055.1	16512	5604441
scaff_group001	NW_024607056.1	16616	5621057
scaff_group001	NW_024607057.1	16683	5637740
scaff_group001	NW_024607058.1	16693	5654433
scaff_group001	NW_024607059.1	16696	5671129
scaff_group001	NW_024607060.1	16731	5687860
scaff_group001	NW_024607061.1	16736	5704596
scaff_group001	NW_024607062.1	16739	5721335
scaff_group001	NW_024607063.1	16793	5738128
scaff_group001	NW_024607064.1	16800	5754928
scaff_group001	NW_024607065.1	16807	5771735
scaff_group001	NW_024607066.1	16830	5788565
scaff_group001	NW_024607067.1	16848	5805413
scaff_group001	NW_024607068.1	16856	5822269
scaff_group001	NW_024607069.1	16945	5839214
scaff_group001	NW_024607070.1	16959	5856173
scaff_group001	NW_024607071.1	16972	5873145
scaff_group001	NW_024607072.1	16985	5890130
scaff_group001	NW_024607073.1	17002	5907132
scaff_group001	NW_024607074.1	17021	5924153
scaff_group001	NW_024607075.1	17069	5941222
scaff_group001	NW_024607076.1	17089	5958311
scaff_group001	NW_024607077.1	17114	5975425
scaff_group001	NW_024607078.1	17136	5992561
scaff_group001	NW_024607079.1	17143	6009704
scaff_group001	NW_024607080.1	17150	6026854
scaff_group001	NW_024607081.1	17210	6044064
scaff_group001	NW_024607082.1	17213	6061277
scaff_group001	NW_024607083.1	17313	6078590
scaff_group001	NW_024607084.1	17318	6095908
scaff_group001	NW_024607085.1	17319	6113227
scaff_group001	NW_024607086.1	17327	6130554
scaff_group001	NW_024607087.1	17342	6147896
scaff_group001	NW_024607088.1	17347	6165243
scaff_group001	NW_024607089.1	17388	6182631
scaff_group001	NW_024607090.1	17420	6200051
scaff_group001	NW_024607091.1	17437	6217488
scaff_group001	NW_024607092.1	17439	6234927
scaff_group001	NW_024607093.1	17453	6252380
scaff_group001	NW_024607094.1	17533	6269913
scaff_group001	NW_024607095.1	17554	6287467
scaff_group001	NW_024607096.1	17601	6305068
scaff_group001	NW_024607097.1	17607	6322675
scaff_group001	NW_024607098.1	17641	6340316
scaff_group001	NW_024607099.1	17670	6357986
scaff_group001	NW_024607100.1	17726	6375712
scaff_group001	NW_024607101.1	17731	6393443
scaff_group001	NW_024607102.1	17738	6411181
scaff_group001	NW_024607103.1	17765	6428946
scaff_group001	NW_024607104.1	17768	6446714
scaff_group001	NW_024607105.1	17783	6464497
scaff_group001	NW_024607106.1	17814	6482311
scaff_group001	NW_024607107.1	17820	6500131
scaff_group001	NW_024607108.1	17836	6517967
scaff_group001	NW_024607109.1	17850	6535817
scaff_group001	NW_024607110.1	17857	6553674
scaff_group001	NW_024607111.1	17870	6571544
scaff_group001	NW_024607112.1	17895	6589439
scaff_group001	NW_024607113.1	17897	6607336
scaff_group001	NW_024607114.1	17898	6625234
scaff_group001	NW_024607115.1	17900	6643134
scaff_group001	NW_024607116.1	17964	6661098
scaff_group001	NW_024607117.1	17987	6679085
scaff_group001	NW_024607118.1	17997	6697082
scaff_group001	NW_024607119.1	18002	6715084
scaff_group001	NW_024607120.1	18068	6733152
scaff_group001	NW_024607121.1	18068	6751220
scaff_group001	NW_024607122.1	18094	6769314
scaff_group001	NW_024607123.1	18123	6787437
scaff_group001	NW_024607124.1	18125	6805562
scaff_group001	NW_024607125.1	18183	6823745
scaff_group001	NW_024607126.1	18227	6841972
scaff_group001	NW_024607127.1	18254	6860226
scaff_group001	NW_024607128.1	18294	6878520
scaff_group001	NW_024607129.1	18339	6896859
scaff_group001	NW_024607130.1	18374	6915233
scaff_group001	NW_024607131.1	18385	6933618
scaff_group001	NW_024607132.1	18399	6952017
scaff_group001	NW_024607133.1	18404	6970421
scaff_group001	NW_024607134.1	18421	6988842
scaff_group001	NW_024607135.1	18446	7007288
scaff_group001	NW_024607136.1	18465	7025753
scaff_group001	NW_024607137.1	18538	7044291
scaff_group001	NW_024607138.1	18541	7062832
scaff_group001	NW_024607139.1	18614	7081446
scaff_group001	NW_024607140.1	18627	7100073
scaff_group001	NW_024607141.1	18629	7118702
scaff_group001	NW_024607142.1	18666	7137368
scaff_group001	NW_024607143.1	18669	7156037
scaff_group001	NW_024607144.1	18677	7174714
scaff_group001	NW_024607145.1	18679	7193393
scaff_group001	NW_024607146.1	18683	7212076
scaff_group001	NW_024607147.1	18688	7230764
scaff_group001	NW_024607148.1	18708	7249472
scaff_group001	NW_024607149.1	18766	7268238
scaff_group001	NW_024607150.1	18769	7287007
scaff_group001	NW_024607151.1	18836	7305843
scaff_group001	NW_024607152.1	18851	7324694
scaff_group001	NW_024607153.1	18873	7343567
scaff_group001	NW_024607154.1	18895	7362462
scaff_group001	NW_024607155.1	18949	7381411
scaff_group001	NW_024607156.1	18965	7400376
scaff_group001	NW_024607157.1	18994	7419370
scaff_group001	NW_024607158.1	19006	7438376
scaff_group001	NW_024607159.1	19028	7457404
scaff_group001	NW_024607160.1	19042	7476446
scaff_group001	NW_024607161.1	19042	7495488
scaff_group001	NW_024607162.1	19056	7514544
scaff_group001	NW_024607163.1	19097	7533641
scaff_group001	NW_024607164.1	19100	7552741
scaff_group001	NW_024607165.1	19129	7571870
scaff_group001	NW_024607166.1	19188	7591058
scaff_group001	NW_024607167.1	19218	7610276
scaff_group001	NW_024607168.1	19219	7629495
scaff_group001	NW_024607169.1	19269	7648764
scaff_group001	NW_024607170.1	19290	7668054
scaff_group001	NW_024607171.1	19322	7687376
scaff_group001	NW_024607172.1	19371	7706747
scaff_group001	NW_024607173.1	19396	7726143
scaff_group001	NW_024607174.1	19465	7745608
scaff_group001	NW_024607175.1	19478	7765086
scaff_group001	NW_024607176.1	19499	7784585
scaff_group001	NW_024607177.1	19541	7804126
scaff_group001	NW_024607178.1	19623	7823749
scaff_group001	NW_024607179.1	19684	7843433
scaff_group001	NW_024607180.1	19686	7863119
scaff_group001	NW_024607181.1	19721	7882840
scaff_group001	NW_024607182.1	19725	7902565
scaff_group001	NW_024607183.1	19804	7922369
scaff_group001	NW_024607184.1	19840	7942209
scaff_group001	NW_024607185.1	19843	7962052
scaff_group001	NW_024607186.1	19847	7981899
scaff_group001	NW_024607187.1	19874	8001773
scaff_group001	NW_024607188.1	19895	8021668
scaff_group001	NW_024607189.1	19904	8041572
scaff_group001	NW_024607190.1	19948	8061520
scaff_group001	NW_024607191.1	19959	8081479
scaff_group001	NW_024607192.1	19995	8101474
scaff_group001	NW_024607193.1	20018	8121492
scaff_group001	NW_024607194.1	20041	8141533
scaff_group001	NW_024607195.1	20083	8161616
scaff_group001	NW_024607196.1	20098	8181714
scaff_group001	NW_024607197.1	20116	8201830
scaff_group001	NW_024607198.1	20126	8221956
scaff_group001	NW_024607199.1	20169	8242125
scaff_group001	NW_024607200.1	20171	8262296
scaff_group001	NW_024607201.1	20181	8282477
scaff_group001	NW_024607202.1	20238	8302715
scaff_group001	NW_024607203.1	20238	8322953
scaff_group001	NW_024607204.1	20244	8343197
scaff_group001	NW_024607205.1	20280	8363477
scaff_group001	NW_024607206.1	20296	8383773
scaff_group001	NW_024607207.1	20321	8404094
scaff_group001	NW_024607208.1	20343	8424437
scaff_group001	NW_024607209.1	20349	8444786
scaff_group001	NW_024607210.1	20353	8465139
scaff_group001	NW_024607211.1	20393	8485532
scaff_group001	NW_024607212.1	20410	8505942
scaff_group001	NW_024607213.1	20420	8526362
scaff_group001	NW_024607214.1	20424	8546786
scaff_group001	NW_024607215.1	20450	8567236
scaff_group001	NW_024607216.1	20452	8587688
scaff_group001	NW_024607217.1	20457	8608145
scaff_group001	NW_024607218.1	20466	8628611
scaff_group001	NW_024607219.1	20485	8649096
scaff_group001	NW_024607220.1	20500	8669596
scaff_group001	NW_024607221.1	20512	8690108
scaff_group001	NW_024607222.1	20551	8710659
scaff_group001	NW_024607223.1	20564	8731223
scaff_group001	NW_024607224.1	20567	8751790
scaff_group001	NW_024607225.1	20687	8772477
scaff_group001	NW_024607226.1	20732	8793209
scaff_group001	NW_024607227.1	20826	8814035
scaff_group001	NW_024607228.1	20827	8834862
scaff_group001	NW_024607229.1	20833	8855695
scaff_group001	NW_024607230.1	20838	8876533
scaff_group001	NW_024607231.1	20842	8897375
scaff_group001	NW_024607232.1	20937	8918312
scaff_group001	NW_024607233.1	20968	8939280
scaff_group001	NW_024607234.1	20989	8960269
scaff_group001	NW_024607235.1	20993	8981262
scaff_group001	NW_024607236.1	21018	9002280
scaff_group001	NW_024607237.1	21023	9023303
scaff_group001	NW_024607238.1	21023	9044326
scaff_group001	NW_024607239.1	21106	9065432
scaff_group001	NW_024607240.1	21111	9086543
scaff_group001	NW_024607241.1	21133	9107676
scaff_group001	NW_024607242.1	21142	9128818
scaff_group001	NW_024607243.1	21160	9149978
scaff_group001	NW_024607244.1	21204	9171182
scaff_group001	NW_024607245.1	21234	9192416
scaff_group001	NW_024607246.1	21236	9213652
scaff_group001	NW_024607247.1	21242	9234894
scaff_group001	NW_024607248.1	21341	9256235
scaff_group001	NW_024607249.1	21371	9277606
scaff_group001	NW_024607250.1	21397	9299003
scaff_group001	NW_024607251.1	21417	9320420
scaff_group001	NW_024607252.1	21429	9341849
scaff_group001	NW_024607253.1	21460	9363309
scaff_group001	NW_024607254.1	21490	9384799
scaff_group001	NW_024607255.1	21510	9406309
scaff_group001	NW_024607256.1	21525	9427834
scaff_group001	NW_024607257.1	21527	9449361
scaff_group001	NW_024607258.1	21529	9470890
scaff_group001	NW_024607259.1	21563	9492453
scaff_group001	NW_024607260.1	21566	9514019
scaff_group001	NW_024607261.1	21580	9535599
scaff_group001	NW_024607262.1	21584	9557183
scaff_group001	NW_024607263.1	21596	9578779
scaff_group001	NW_024607264.1	21609	9600388
scaff_group001	NW_024607265.1	21624	9622012
scaff_group001	NW_024607266.1	21663	9643675
scaff_group001	NW_024607267.1	21670	9665345
scaff_group001	NW_024607268.1	21703	9687048
scaff_group001	NW_024607269.1	21705	9708753
scaff_group001	NW_024607270.1	21728	9730481
scaff_group001	NW_024607271.1	21737	9752218
scaff_group001	NW_024607272.1	21752	9773970
scaff_group001	NW_024607273.1	21756	9795726
scaff_group001	NW_024607274.1	21764	9817490
scaff_group001	NW_024607275.1	21811	9839301
scaff_group001	NW_024607276.1	21823	9861124
scaff_group001	NW_024607277.1	21841	9882965
scaff_group001	NW_024607278.1	21850	9904815
scaff_group001	NW_024607279.1	21869	9926684
scaff_group001	NW_024607280.1	21934	9948618
scaff_group001	NW_024607281.1	21975	9970593
scaff_group001	NW_024607282.1	21990	9992583
scaff_group001	NW_024607283.1	21998	10014581
scaff_group001	NW_024607284.1	22028	10036609
scaff_group001	NW_024607285.1	22038	10058647
scaff_group001	NW_024607286.1	22051	10080698
scaff_group001	NW_024607287.1	22070	10102768
scaff_group001	NW_024607288.1	22090	10124858
scaff_group001	NW_024607289.1	22100	10146958
scaff_group001	NW_024607290.1	22105	10169063
scaff_group001	NW_024607291.1	22109	10191172
scaff_group001	NW_024607292.1	22117	10213289
scaff_group001	NW_024607293.1	22397	10235686
scaff_group001	NW_024607294.1	22456	10258142
scaff_group001	NW_024607295.1	22487	10280629
scaff_group001	NW_024607296.1	22515	10303144
scaff_group001	NW_024607297.1	22517	10325661
scaff_group001	NW_024607298.1	22541	10348202
scaff_group001	NW_024607299.1	22609	10370811
scaff_group001	NW_024607300.1	22612	10393423
scaff_group001	NW_024607301.1	22641	10416064
scaff_group001	NW_024607302.1	22642	10438706
scaff_group001	NW_024607303.1	22725	10461431
scaff_group001	NW_024607304.1	22736	10484167
scaff_group001	NW_024607305.1	22751	10506918
scaff_group001	NW_024607306.1	22752	10529670
scaff_group001	NW_024607307.1	22767	10552437
scaff_group001	NW_024607308.1	22775	10575212
scaff_group001	NW_024607309.1	22798	10598010
scaff_group001	NW_024607310.1	22808	10620818
scaff_group001	NW_024607311.1	22814	10643632
scaff_group001	NW_024607312.1	22835	10666467
scaff_group001	NW_024607313.1	22866	10689333
scaff_group001	NW_024607314.1	22927	10712260
scaff_group001	NW_024607315.1	22951	10735211
scaff_group001	NW_024607316.1	22972	10758183
scaff_group001	NW_024607317.1	22991	10781174
scaff_group001	NW_024607318.1	23016	10804190
scaff_group001	NW_024607319.1	23055	10827245
scaff_group001	NW_024607320.1	23085	10850330
scaff_group001	NW_024607321.1	23097	10873427
scaff_group001	NW_024607322.1	23123	10896550
scaff_group001	NW_024607323.1	23144	10919694
scaff_group001	NW_024607324.1	23149	10942843
scaff_group001	NW_024607325.1	23173	10966016
scaff_group001	NW_024607326.1	23242	10989258
scaff_group001	NW_024607327.1	23243	11012501
scaff_group001	NW_024607328.1	23256	11035757
scaff_group001	NW_024607329.1	23263	11059020
scaff_group001	NW_024607330.1	23273	11082293
scaff_group001	NW_024607331.1	23276	11105569
scaff_group001	NW_024607332.1	23312	11128881
scaff_group001	NW_024607333.1	23359	11152240
scaff_group001	NW_024607334.1	23373	11175613
scaff_group001	NW_024607335.1	23384	11198997
scaff_group001	NW_024607336.1	23553	11222550
scaff_group001	NW_024607337.1	23630	11246180
scaff_group001	NW_024607338.1	23711	11269891
scaff_group001	NW_024607339.1	23728	11293619
scaff_group001	NW_024607340.1	23736	11317355
scaff_group001	NW_024607341.1	23777	11341132
scaff_group001	NW_024607342.1	23797	11364929
scaff_group001	NW_024607343.1	23800	11388729
scaff_group001	NW_024607344.1	23802	11412531
scaff_group001	NW_024607345.1	23821	11436352
scaff_group001	NW_024607346.1	23824	11460176
scaff_group001	NW_024607347.1	23836	11484012
scaff_group001	NW_024607348.1	23883	11507895
scaff_group001	NW_024607349.1	23921	11531816
scaff_group001	NW_024607350.1	23928	11555744
scaff_group001	NW_024607351.1	23968	11579712
scaff_group001	NW_024607352.1	23975	11603687
scaff_group001	NW_024607353.1	23983	11627670
scaff_group001	NW_024607354.1	23986	11651656
scaff_group001	NW_024607355.1	23994	11675650
scaff_group001	NW_024607356.1	24036	11699686
scaff_group001	NW_024607357.1	24039	11723725
scaff_group001	NW_024607358.1	24060	11747785
scaff_group001	NW_024607359.1	24086	11771871
scaff_group001	NW_024607360.1	24095	11795966
scaff_group001	NW_024607361.1	24105	11820071
scaff_group001	NW_024607362.1	24111	11844182
scaff_group001	NW_024607363.1	24123	11868305
scaff_group001	NW_024607364.1	24155	11892460
scaff_group001	NW_024607365.1	24230	11916690
scaff_group001	NW_024607366.1	24247	11940937
scaff_group001	NW_024607367.1	24250	11965187
scaff_group001	NW_024607368.1	24297	11989484
scaff_group001	NW_024607369.1	24337	12013821
scaff_group001	NW_024607370.1	24381	12038202
scaff_group001	NW_024607371.1	24476	12062678
scaff_group001	NW_024607372.1	24481	12087159
scaff_group001	NW_024607373.1	24536	12111695
scaff_group001	NW_024607374.1	24552	12136247
scaff_group001	NW_024607375.1	24561	12160808
scaff_group001	NW_024607376.1	24565	12185373
scaff_group001	NW_024607377.1	24586	12209959
scaff_group001	NW_024607378.1	24594	12234553
scaff_group001	NW_024607379.1	24655	12259208
scaff_group001	NW_024607380.1	24655	12283863
scaff_group001	NW_024607381.1	24707	12308570
scaff_group001	NW_024607382.1	24708	12333278
scaff_group001	NW_024607383.1	24709	12357987
scaff_group001	NW_024607384.1	24729	12382716
scaff_group001	NW_024607385.1	24763	12407479
scaff_group001	NW_024607386.1	24784	12432263
scaff_group001	NW_024607387.1	24791	12457054
scaff_group001	NW_024607388.1	24804	12481858
scaff_group001	NW_024607389.1	24806	12506664
scaff_group001	NW_024607390.1	24823	12531487
scaff_group001	NW_024607391.1	24875	12556362
scaff_group001	NW_024607392.1	24878	12581240
scaff_group001	NW_024607393.1	24922	12606162
scaff_group001	NW_024607394.1	24991	12631153
scaff_group001	NW_024607395.1	25043	12656196
scaff_group001	NW_024607396.1	25115	12681311
scaff_group001	NW_024607397.1	25198	12706509
scaff_group001	NW_024607398.1	25237	12731746
scaff_group001	NW_024607399.1	25244	12756990
scaff_group001	NW_024607400.1	25282	12782272
scaff_group001	NW_024607401.1	25290	12807562
scaff_group001	NW_024607402.1	25339	12832901
scaff_group001	NW_024607403.1	25371	12858272
scaff_group001	NW_024607404.1	25409	12883681
scaff_group001	NW_024607405.1	25455	12909136
scaff_group001	NW_024607406.1	25456	12934592
scaff_group001	NW_024607407.1	25496	12960088
scaff_group001	NW_024607408.1	25506	12985594
scaff_group001	NW_024607409.1	25532	13011126
scaff_group001	NW_024607410.1	25540	13036666
scaff_group001	NW_024607411.1	25547	13062213
scaff_group001	NW_024607412.1	25562	13087775
scaff_group001	NW_024607413.1	25599	13113374
scaff_group001	NW_024607414.1	25609	13138983
scaff_group001	NW_024607415.1	25618	13164601
scaff_group001	NW_024607416.1	25633	13190234
scaff_group001	NW_024607417.1	25677	13215911
scaff_group001	NW_024607418.1	25740	13241651
scaff_group001	NW_024607419.1	25773	13267424
scaff_group001	NW_024607420.1	25787	13293211
scaff_group001	NW_024607421.1	25812	13319023
scaff_group001	NW_024607422.1	25812	13344835
scaff_group001	NW_024607423.1	25926	13370761
scaff_group001	NW_024607424.1	25928	13396689
scaff_group001	NW_024607425.1	25970	13422659
scaff_group001	NW_024607426.1	26007	13448666
scaff_group001	NW_024607427.1	26021	13474687
scaff_group001	NW_024607428.1	26038	13500725
scaff_group001	NW_024607429.1	26050	13526775
scaff_group001	NW_024607430.1	26060	13552835
scaff_group001	NW_024607431.1	26071	13578906
scaff_group001	NW_024607432.1	26077	13604983
scaff_group001	NW_024607433.1	26082	13631065
scaff_group001	NW_024607434.1	26105	13657170
scaff_group001	NW_024607435.1	26127	13683297
scaff_group001	NW_024607436.1	26135	13709432
scaff_group001	NW_024607437.1	26145	13735577
scaff_group001	NW_024607438.1	26149	13761726
scaff_group001	NW_024607439.1	26164	13787890
scaff_group001	NW_024607440.1	26174	13814064
scaff_group001	NW_024607441.1	26201	13840265
scaff_group001	NW_024607442.1	26206	13866471
scaff_group001	NW_024607443.1	26217	13892688
scaff_group001	NW_024607444.1	26230	13918918
scaff_group001	NW_024607445.1	26236	13945154
scaff_group001	NW_024607446.1	26240	13971394
scaff_group001	NW_024607447.1	26244	13997638
scaff_group001	NW_024607448.1	26248	14023886
scaff_group001	NW_024607449.1	26302	14050188
scaff_group001	NW_024607450.1	26483	14076671
scaff_group001	NW_024607451.1	26572	14103243
scaff_group001	NW_024607452.1	26595	14129838
scaff_group001	NW_024607453.1	26616	14156454
scaff_group001	NW_024607454.1	26634	14183088
scaff_group001	NW_024607455.1	26648	14209736
scaff_group001	NW_024607456.1	26677	14236413
scaff_group001	NW_024607457.1	26683	14263096
scaff_group001	NW_024607458.1	26767	14289863
scaff_group001	NW_024607459.1	26775	14316638
scaff_group001	NW_024607460.1	26778	14343416
scaff_group001	NW_024607461.1	26782	14370198
scaff_group001	NW_024607462.1	26864	14397062
scaff_group001	NW_024607463.1	26873	14423935
scaff_group001	NW_024607464.1	26887	14450822
scaff_group001	NW_024607465.1	26890	14477712
scaff_group001	NW_024607466.1	26945	14504657
scaff_group001	NW_024607467.1	26974	14531631
scaff_group001	NW_024607468.1	27025	14558656
scaff_group001	NW_024607469.1	27031	14585687
scaff_group001	NW_024607470.1	27138	14612825
scaff_group001	NW_024607471.1	27143	14639968
scaff_group001	NW_024607472.1	27169	14667137
scaff_group001	NW_024607473.1	27189	14694326
scaff_group001	NW_024607474.1	27207	14721533
scaff_group001	NW_024607475.1	27208	14748741
scaff_group001	NW_024607476.1	27231	14775972
scaff_group001	NW_024607477.1	27232	14803204
scaff_group001	NW_024607478.1	27271	14830475
scaff_group001	NW_024607479.1	27337	14857812
scaff_group001	NW_024607480.1	27356	14885168
scaff_group001	NW_024607481.1	27358	14912526
scaff_group001	NW_024607482.1	27376	14939902
scaff_group001	NW_024607483.1	27393	14967295
scaff_group001	NW_024607484.1	27459	14994754
scaff_group001	NW_024607485.1	27468	15022222
scaff_group001	NW_024607486.1	27545	15049767
scaff_group001	NW_024607487.1	27567	15077334
scaff_group001	NW_024607488.1	27571	15104905
scaff_group001	NW_024607489.1	27575	15132480
scaff_group001	NW_024607490.1	27584	15160064
scaff_group001	NW_024607491.1	27585	15187649
scaff_group001	NW_024607492.1	27619	15215268
scaff_group001	NW_024607493.1	27814	15243082
scaff_group001	NW_024607494.1	27847	15270929
scaff_group001	NW_024607495.1	27938	15298867
scaff_group001	NW_024607496.1	27940	15326807
scaff_group001	NW_024607497.1	27941	15354748
scaff_group001	NW_024607498.1	27942	15382690
scaff_group001	NW_024607499.1	27971	15410661
scaff_group001	NW_024607500.1	28022	15438683
scaff_group001	NW_024607501.1	28037	15466720
scaff_group001	NW_024607502.1	28041	15494761
scaff_group001	NW_024607503.1	28042	15522803
scaff_group001	NW_024607504.1	28146	15550949
scaff_group001	NW_024607505.1	28181	15579130
scaff_group001	NW_024607506.1	28188	15607318
scaff_group001	NW_024607507.1	28195	15635513
scaff_group001	NW_024607508.1	28197	15663710
scaff_group001	NW_024607509.1	28226	15691936
scaff_group001	NW_024607510.1	28339	15720275
scaff_group001	NW_024607511.1	28349	15748624
scaff_group001	NW_024607512.1	28403	15777027
scaff_group001	NW_024607513.1	28417	15805444
scaff_group001	NW_024607514.1	28422	15833866
scaff_group001	NW_024607515.1	28424	15862290
scaff_group001	NW_024607516.1	28558	15890848
scaff_group001	NW_024607517.1	28600	15919448
scaff_group001	NW_024607518.1	28608	15948056
scaff_group001	NW_024607519.1	28647	15976703
scaff_group001	NW_024607520.1	28676	16005379
scaff_group001	NW_024607521.1	28756	16034135
scaff_group001	NW_024607522.1	28781	16062916
scaff_group001	NW_024607523.1	28784	16091700
scaff_group001	NW_024607524.1	28836	16120536
scaff_group001	NW_024607525.1	28836	16149372
scaff_group001	NW_024607526.1	28870	16178242
scaff_group001	NW_024607527.1	28887	16207129
scaff_group001	NW_024607528.1	28949	16236078
scaff_group001	NW_024607529.1	29094	16265172
scaff_group001	NW_024607530.1	29122	16294294
scaff_group001	NW_024607531.1	29127	16323421
scaff_group001	NW_024607532.1	29134	16352555
scaff_group001	NW_024607533.1	29152	16381707
scaff_group001	NW_024607534.1	29161	16410868
scaff_group001	NW_024607535.1	29166	16440034
scaff_group001	NW_024607536.1	29182	16469216
scaff_group001	NW_024607537.1	29187	16498403
scaff_group001	NW_024607538.1	29189	16527592
scaff_group001	NW_024607539.1	29238	16556830
scaff_group001	NW_024607540.1	29278	16586108
scaff_group001	NW_024607541.1	29310	16615418
scaff_group001	NW_024607542.1	29313	16644731
scaff_group001	NW_024607543.1	29330	16674061
scaff_group001	NW_024607544.1	29331	16703392
scaff_group001	NW_024607545.1	29334	16732726
scaff_group001	NW_024607546.1	29335	16762061
scaff_group001	NW_024607547.1	29356	16791417
scaff_group001	NW_024607548.1	29387	16820804
scaff_group001	NW_024607549.1	29414	16850218
scaff_group001	NW_024607550.1	29468	16879686
scaff_group001	NW_024607551.1	29517	16909203
scaff_group001	NW_024607552.1	29583	16938786
scaff_group001	NW_024607553.1	29653	16968439
scaff_group001	NW_024607554.1	29685	16998124
scaff_group001	NW_024607555.1	29720	17027844
scaff_group001	NW_024607556.1	29736	17057580
scaff_group001	NW_024607557.1	29780	17087360
scaff_group001	NW_024607558.1	29806	17117166
scaff_group001	NW_024607559.1	29826	17146992
scaff_group001	NW_024607560.1	29899	17176891
scaff_group001	NW_024607561.1	29907	17206798
scaff_group001	NW_024607562.1	30004	17236802
scaff_group001	NW_024607563.1	30015	17266817
scaff_group001	NW_024607564.1	30024	17296841
scaff_group001	NW_024607565.1	30051	17326892
scaff_group001	NW_024607566.1	30109	17357001
scaff_group001	NW_024607567.1	30116	17387117
scaff_group001	NW_024607568.1	30121	17417238
scaff_group001	NW_024607569.1	30127	17447365
scaff_group001	NW_024607570.1	30143	17477508
scaff_group001	NW_024607571.1	30203	17507711
scaff_group001	NW_024607572.1	30209	17537920
scaff_group001	NW_024607573.1	30259	17568179
scaff_group001	NW_024607574.1	30262	17598441
scaff_group001	NW_024607575.1	30286	17628727
scaff_group001	NW_024607576.1	30322	17659049
scaff_group001	NW_024607577.1	30327	17689376
scaff_group001	NW_024607578.1	30398	17719774
scaff_group001	NW_024607579.1	30477	17750251
scaff_group001	NW_024607580.1	30484	17780735
scaff_group001	NW_024607581.1	30502	17811237
scaff_group001	NW_024607582.1	30505	17841742
scaff_group001	NW_024607583.1	30566	17872308
scaff_group001	NW_024607584.1	30580	17902888
scaff_group001	NW_024607585.1	30661	17933549
scaff_group001	NW_024607586.1	30735	17964284
scaff_group001	NW_024607587.1	30785	17995069
scaff_group001	NW_024607588.1	30785	18025854
scaff_group001	NW_024607589.1	30813	18056667
scaff_group001	NW_024607590.1	30827	18087494
scaff_group001	NW_024607591.1	30841	18118335
scaff_group001	NW_024607592.1	30872	18149207
scaff_group001	NW_024607593.1	30910	18180117
scaff_group001	NW_024607594.1	30972	18211089
scaff_group001	NW_024607595.1	30987	18242076
scaff_group001	NW_024607596.1	31054	18273130
scaff_group001	NW_024607597.1	31079	18304209
scaff_group001	NW_024607598.1	31309	18335518
scaff_group001	NW_024607599.1	31313	18366831
scaff_group001	NW_024607600.1	31327	18398158
scaff_group001	NW_024607601.1	31389	18429547
scaff_group001	NW_024607602.1	31438	18460985
scaff_group001	NW_024607603.1	31538	18492523
scaff_group001	NW_024607604.1	31569	18524092
scaff_group001	NW_024607605.1	31621	18555713
scaff_group001	NW_024607606.1	31674	18587387
scaff_group001	NW_024607607.1	31727	18619114
scaff_group001	NW_024607608.1	31759	18650873
scaff_group001	NW_024607609.1	31792	18682665
scaff_group001	NW_024607610.1	31805	18714470
scaff_group001	NW_024607611.1	31813	18746283
scaff_group001	NW_024607612.1	31841	18778124
scaff_group001	NW_024607613.1	31847	18809971
scaff_group001	NW_024607614.1	31849	18841820
scaff_group001	NW_024607615.1	31852	18873672
scaff_group001	NW_024607616.1	31872	18905544
scaff_group001	NW_024607617.1	31873	18937417
scaff_group001	NW_024607618.1	31914	18969331
scaff_group001	NW_024607619.1	31934	19001265
scaff_group001	NW_024607620.1	31972	19033237
scaff_group001	NW_024607621.1	31992	19065229
scaff_group001	NW_024607622.1	32012	19097241
scaff_group001	NW_024607623.1	32028	19129269
scaff_group001	NW_024607624.1	32142	19161411
scaff_group001	NW_024607625.1	32197	19193608
scaff_group001	NW_024607626.1	32210	19225818
scaff_group001	NW_024607627.1	32220	19258038
scaff_group001	NW_024607628.1	32259	19290297
scaff_group001	NW_024607629.1	32360	19322657
scaff_group001	NW_024607630.1	32360	19355017
scaff_group001	NW_024607631.1	32372	19387389
scaff_group001	NW_024607632.1	32445	19419834
scaff_group001	NW_024607633.1	32447	19452281
scaff_group001	NW_024607634.1	32450	19484731
scaff_group001	NW_024607635.1	32470	19517201
scaff_group001	NW_024607636.1	32507	19549708
scaff_group001	NW_024607637.1	32531	19582239
scaff_group001	NW_024607638.1	32535	19614774
scaff_group001	NW_024607639.1	32572	19647346
scaff_group001	NW_024607640.1	32606	19679952
scaff_group001	NW_024607641.1	32626	19712578
scaff_group001	NW_024607642.1	32653	19745231
scaff_group001	NW_024607643.1	32710	19777941
scaff_group001	NW_024607644.1	32713	19810654
scaff_group001	NW_024607645.1	32728	19843382
scaff_group001	NW_024607646.1	32730	19876112
scaff_group001	NW_024607647.1	32779	19908891
scaff_group001	NW_024607648.1	32798	19941689
scaff_group001	NW_024607649.1	32805	19974494
scaff_group001	NW_024607650.1	32806	20007300
scaff_group001	NW_024607651.1	32809	20040109
scaff_group001	NW_024607652.1	32872	20072981
scaff_group001	NW_024607653.1	32874	20105855
scaff_group001	NW_024607654.1	32894	20138749
scaff_group001	NW_024607655.1	32897	20171646
scaff_group001	NW_024607656.1	32924	20204570
scaff_group001	NW_024607657.1	32935	20237505
scaff_group001	NW_024607658.1	32964	20270469
scaff_group001	NW_024607659.1	33127	20303596
scaff_group001	NW_024607660.1	33152	20336748
scaff_group001	NW_024607661.1	33160	20369908
scaff_group001	NW_024607662.1	33193	20403101
scaff_group001	NW_024607663.1	33205	20436306
scaff_group001	NW_024607664.1	33225	20469531
scaff_group001	NW_024607665.1	33249	20502780
scaff_group001	NW_024607666.1	33296	20536076
scaff_group001	NW_024607667.1	33371	20569447
scaff_group001	NW_024607668.1	33391	20602838
scaff_group001	NW_024607669.1	33462	20636300
scaff_group001	NW_024607670.1	33465	20669765
scaff_group001	NW_024607671.1	33467	20703232
scaff_group001	NW_024607672.1	33473	20736705
scaff_group001	NW_024607673.1	33490	20770195
scaff_group001	NW_024607674.1	33495	20803690
scaff_group001	NW_024607675.1	33504	20837194
scaff_group001	NW_024607676.1	33506	20870700
scaff_group001	NW_024607677.1	33543	20904243
scaff_group001	NW_024607678.1	33548	20937791
scaff_group001	NW_024607679.1	33608	20971399
scaff_group001	NW_024607680.1	33637	21005036
scaff_group001	NW_024607681.1	33639	21038675
scaff_group001	NW_024607682.1	33681	21072356
scaff_group001	NW_024607683.1	33785	21106141
scaff_group001	NW_024607684.1	33864	21140005
scaff_group001	NW_024607685.1	33879	21173884
scaff_group001	NW_024607686.1	33902	21207786
scaff_group001	NW_024607687.1	33941	21241727
scaff_group001	NW_024607688.1	33954	21275681
scaff_group001	NW_024607689.1	33958	21309639
scaff_group001	NW_024607690.1	33974	21343613
scaff_group001	NW_024607691.1	34023	21377636
scaff_group001	NW_024607692.1	34034	21411670
scaff_group001	NW_024607693.1	34073	21445743
scaff_group001	NW_024607694.1	34079	21479822
scaff_group001	NW_024607695.1	34081	21513903
scaff_group001	NW_024607696.1	34118	21548021
scaff_group001	NW_024607697.1	34118	21582139
scaff_group001	NW_024607698.1	34221	21616360
scaff_group001	NW_024607699.1	34222	21650582
scaff_group001	NW_024607700.1	34267	21684849
scaff_group001	NW_024607701.1	34278	21719127
scaff_group001	NW_024607702.1	34279	21753406
scaff_group001	NW_024607703.1	34317	21787723
scaff_group001	NW_024607704.1	34325	21822048
scaff_group001	NW_024607705.1	34386	21856434
scaff_group001	NW_024607706.1	34392	21890826
scaff_group001	NW_024607707.1	34475	21925301
scaff_group001	NW_024607708.1	34499	21959800
scaff_group001	NW_024607709.1	34506	21994306
scaff_group001	NW_024607710.1	34612	22028918
scaff_group001	NW_024607711.1	34633	22063551
scaff_group001	NW_024607712.1	34651	22098202
scaff_group001	NW_024607713.1	34659	22132861
scaff_group001	NW_024607714.1	34778	22167639
scaff_group001	NW_024607715.1	34795	22202434
scaff_group001	NW_024607716.1	34814	22237248
scaff_group001	NW_024607717.1	34823	22272071
scaff_group001	NW_024607718.1	34827	22306898
scaff_group001	NW_024607719.1	34832	22341730
scaff_group001	NW_024607720.1	34869	22376599
scaff_group001	NW_024607721.1	34871	22411470
scaff_group001	NW_024607722.1	34993	22446463
scaff_group001	NW_024607723.1	35025	22481488
scaff_group001	NW_024607724.1	35106	22516594
scaff_group001	NW_024607725.1	35279	22551873
scaff_group001	NW_024607726.1	35280	22587153
scaff_group001	NW_024607727.1	35286	22622439
scaff_group001	NW_024607728.1	35357	22657796
scaff_group001	NW_024607729.1	35375	22693171
scaff_group001	NW_024607730.1	35384	22728555
scaff_group001	NW_024607731.1	35393	22763948
scaff_group001	NW_024607732.1	35400	22799348
scaff_group001	NW_024607733.1	35453	22834801
scaff_group001	NW_024607734.1	35535	22870336
scaff_group001	NW_024607735.1	35550	22905886
scaff_group001	NW_024607736.1	35562	22941448
scaff_group001	NW_024607737.1	35592	22977040
scaff_group001	NW_024607738.1	35598	23012638
scaff_group001	NW_024607739.1	35649	23048287
scaff_group001	NW_024607740.1	35693	23083980
scaff_group001	NW_024607741.1	35711	23119691
scaff_group001	NW_024607742.1	35733	23155424
scaff_group001	NW_024607743.1	35745	23191169
scaff_group001	NW_024607744.1	35758	23226927
scaff_group001	NW_024607745.1	35762	23262689
scaff_group001	NW_024607746.1	35772	23298461
scaff_group001	NW_024607747.1	35779	23334240
scaff_group002	NW_024607748.1	35788	23370028
scaff_group002	NW_024607749.1	35816	23405844
scaff_group002	NW_024607750.1	35844	23441688
scaff_group002	NW_024607751.1	35859	23477547
scaff_group002	NW_024607752.1	35881	23513428
scaff_group002	NW_024607753.1	35999	23549427
scaff_group002	NW_024607754.1	36016	23585443
scaff_group002	NW_024607755.1	36037	23621480
scaff_group002	NW_024607756.1	36076	23657556
scaff_group002	NW_024607757.1	36082	23693638
scaff_group002	NW_024607758.1	36094	23729732
scaff_group002	NW_024607759.1	36123	23765855
scaff_group002	NW_024607760.1	36126	23801981
scaff_group002	NW_024607761.1	36167	23838148
scaff_group002	NW_024607762.1	36191	23874339
scaff_group002	NW_024607763.1	36194	23910533
scaff_group002	NW_024607764.1	36242	23946775
scaff_group002	NW_024607765.1	36296	23983071
scaff_group002	NW_024607766.1	36317	24019388
scaff_group002	NW_024607767.1	36382	24055770
scaff_group002	NW_024607768.1	36494	24092264
scaff_group002	NW_024607769.1	36516	24128780
scaff_group002	NW_024607770.1	36517	24165297
scaff_group002	NW_024607771.1	36572	24201869
scaff_group002	NW_024607772.1	36604	24238473
scaff_group002	NW_024607773.1	36610	24275083
scaff_group002	NW_024607774.1	36706	24311789
scaff_group002	NW_024607775.1	36709	24348498
scaff_group002	NW_024607776.1	36845	24385343
scaff_group002	NW_024607777.1	36935	24422278
scaff_group002	NW_024607778.1	36965	24459243
scaff_group002	NW_024607779.1	37000	24496243
scaff_group002	NW_024607780.1	37019	24533262
scaff_group002	NW_024607781.1	37040	24570302
scaff_group002	NW_024607782.1	37058	24607360
scaff_group002	NW_024607783.1	37073	24644433
scaff_group002	NW_024607784.1	37075	24681508
scaff_group002	NW_024607785.1	37076	24718584
scaff_group002	NW_024607786.1	37104	24755688
scaff_group002	NW_024607787.1	37123	24792811
scaff_group002	NW_024607788.1	37129	24829940
scaff_group002	NW_024607789.1	37135	24867075
scaff_group002	NW_024607790.1	37136	24904211
scaff_group002	NW_024607791.1	37157	24941368
scaff_group002	NW_024607792.1	37205	24978573
scaff_group002	NW_024607793.1	37287	25015860
scaff_group002	NW_024607794.1	37299	25053159
scaff_group002	NW_024607795.1	37324	25090483
scaff_group002	NW_024607796.1	37346	25127829
scaff_group002	NW_024607797.1	37375	25165204
scaff_group002	NW_024607798.1	37394	25202598
scaff_group002	NW_024607799.1	37426	25240024
scaff_group002	NW_024607800.1	37456	25277480
scaff_group002	NW_024607801.1	37506	25314986
scaff_group002	NW_024607802.1	37533	25352519
scaff_group002	NW_024607803.1	37578	25390097
scaff_group002	NW_024607804.1	37648	25427745
scaff_group002	NW_024607805.1	37777	25465522
scaff_group002	NW_024607806.1	37939	25503461
scaff_group002	NW_024607807.1	37945	25541406
scaff_group002	NW_024607808.1	37966	25579372
scaff_group002	NW_024607809.1	38005	25617377
scaff_group002	NW_024607810.1	38010	25655387
scaff_group002	NW_024607811.1	38135	25693522
scaff_group002	NW_024607812.1	38180	25731702
scaff_group002	NW_024607813.1	38194	25769896
scaff_group002	NW_024607814.1	38259	25808155
scaff_group002	NW_024607815.1	38291	25846446
scaff_group002	NW_024607816.1	38366	25884812
scaff_group002	NW_024607817.1	38396	25923208
scaff_group002	NW_024607818.1	38410	25961618
scaff_group002	NW_024607819.1	38493	26000111
scaff_group002	NW_024607820.1	38507	26038618
scaff_group002	NW_024607821.1	38510	26077128
scaff_group002	NW_024607822.1	38540	26115668
scaff_group002	NW_024607823.1	38544	26154212
scaff_group002	NW_024607824.1	38575	26192787
scaff_group002	NW_024607825.1	38601	26231388
scaff_group002	NW_024607826.1	38627	26270015
scaff_group002	NW_024607827.1	38660	26308675
scaff_group002	NW_024607828.1	38748	26347423
scaff_group002	NW_024607829.1	38822	26386245
scaff_group002	NW_024607830.1	38842	26425087
scaff_group002	NW_024607831.1	38844	26463931
scaff_group002	NW_024607832.1	38861	26502792
scaff_group002	NW_024607833.1	38902	26541694
scaff_group002	NW_024607834.1	38922	26580616
scaff_group002	NW_024607835.1	38979	26619595
scaff_group002	NW_024607836.1	39142	26658737
scaff_group002	NW_024607837.1	39168	26697905
scaff_group002	NW_024607838.1	39287	26737192
scaff_group002	NW_024607839.1	39294	26776486
scaff_group002	NW_024607840.1	39299	26815785
scaff_group002	NW_024607841.1	39364	26855149
scaff_group002	NW_024607842.1	39367	26894516
scaff_group002	NW_024607843.1	39403	26933919
scaff_group002	NW_024607844.1	39404	26973323
scaff_group002	NW_024607845.1	39474	27012797
scaff_group002	NW_024607846.1	39489	27052286
scaff_group002	NW_024607847.1	39489	27091775
scaff_group002	NW_024607848.1	39525	27131300
scaff_group002	NW_024607849.1	39525	27170825
scaff_group002	NW_024607850.1	39544	27210369
scaff_group002	NW_024607851.1	39570	27249939
scaff_group002	NW_024607852.1	39599	27289538
scaff_group002	NW_024607853.1	39630	27329168
scaff_group002	NW_024607854.1	39637	27368805
scaff_group002	NW_024607855.1	39638	27408443
scaff_group002	NW_024607856.1	39682	27448125
scaff_group002	NW_024607857.1	39715	27487840
scaff_group002	NW_024607858.1	39738	27527578
scaff_group002	NW_024607859.1	39743	27567321
scaff_group002	NW_024607860.1	39755	27607076
scaff_group002	NW_024607861.1	39764	27646840
scaff_group002	NW_024607862.1	39778	27686618
scaff_group002	NW_024607863.1	39833	27726451
scaff_group002	NW_024607864.1	39855	27766306
scaff_group002	NW_024607865.1	39906	27806212
scaff_group002	NW_024607866.1	39966	27846178
scaff_group002	NW_024607867.1	39984	27886162
scaff_group002	NW_024607868.1	39987	27926149
scaff_group002	NW_024607869.1	40017	27966166
scaff_group002	NW_024607870.1	40041	28006207
scaff_group002	NW_024607871.1	40128	28046335
scaff_group002	NW_024607872.1	40186	28086521
scaff_group002	NW_024607873.1	40192	28126713
scaff_group002	NW_024607874.1	40277	28166990
scaff_group002	NW_024607875.1	40279	28207269
scaff_group002	NW_024607876.1	40296	28247565
scaff_group002	NW_024607877.1	40296	28287861
scaff_group002	NW_024607878.1	40373	28328234
scaff_group002	NW_024607879.1	40403	28368637
scaff_group002	NW_024607880.1	40480	28409117
scaff_group002	NW_024607881.1	40488	28449605
scaff_group002	NW_024607882.1	40491	28490096
scaff_group002	NW_024607883.1	40522	28530618
scaff_group002	NW_024607884.1	40530	28571148
scaff_group002	NW_024607885.1	40565	28611713
scaff_group002	NW_024607886.1	40595	28652308
scaff_group002	NW_024607887.1	40669	28692977
scaff_group002	NW_024607888.1	40682	28733659
scaff_group002	NW_024607889.1	40686	28774345
scaff_group002	NW_024607890.1	40687	28815032
scaff_group002	NW_024607891.1	40708	28855740
scaff_group002	NW_024607892.1	40713	28896453
scaff_group002	NW_024607893.1	40716	28937169
scaff_group002	NW_024607894.1	40721	28977890
scaff_group002	NW_024607895.1	40748	29018638
scaff_group002	NW_024607896.1	40758	29059396
scaff_group002	NW_024607897.1	40772	29100168
scaff_group002	NW_024607898.1	40810	29140978
scaff_group002	NW_024607899.1	40838	29181816
scaff_group002	NW_024607900.1	40870	29222686
scaff_group002	NW_024607901.1	40881	29263567
scaff_group002	NW_024607902.1	40927	29304494
scaff_group002	NW_024607903.1	40987	29345481
scaff_group002	NW_024607904.1	41126	29386607
scaff_group002	NW_024607905.1	41151	29427758
scaff_group002	NW_024607906.1	41246	29469004
scaff_group002	NW_024607907.1	41493	29510497
scaff_group002	NW_024607908.1	41579	29552076
scaff_group002	NW_024607909.1	41660	29593736
scaff_group002	NW_024607910.1	41815	29635551
scaff_group002	NW_024607911.1	41892	29677443
scaff_group002	NW_024607912.1	41904	29719347
scaff_group002	NW_024607913.1	41912	29761259
scaff_group002	NW_024607914.1	41923	29803182
scaff_group002	NW_024607915.1	41944	29845126
scaff_group002	NW_024607916.1	41949	29887075
scaff_group002	NW_024607917.1	41953	29929028
scaff_group002	NW_024607918.1	41963	29970991
scaff_group002	NW_024607919.1	41972	30012963
scaff_group002	NW_024607920.1	42012	30054975
scaff_group002	NW_024607921.1	42058	30097033
scaff_group002	NW_024607922.1	42080	30139113
scaff_group002	NW_024607923.1	42098	30181211
scaff_group002	NW_024607924.1	42166	30223377
scaff_group002	NW_024607925.1	42191	30265568
scaff_group002	NW_024607926.1	42218	30307786
scaff_group002	NW_024607927.1	42338	30350124
scaff_group002	NW_024607928.1	42338	30392462
scaff_group002	NW_024607929.1	42396	30434858
scaff_group002	NW_024607930.1	42405	30477263
scaff_group002	NW_024607931.1	42477	30519740
scaff_group002	NW_024607932.1	42486	30562226
scaff_group002	NW_024607933.1	42492	30604718
scaff_group002	NW_024607934.1	42556	30647274
scaff_group002	NW_024607935.1	42610	30689884
scaff_group002	NW_024607936.1	42622	30732506
scaff_group002	NW_024607937.1	42647	30775153
scaff_group002	NW_024607938.1	42689	30817842
scaff_group002	NW_024607939.1	42690	30860532
scaff_group002	NW_024607940.1	42718	30903250
scaff_group002	NW_024607941.1	42735	30945985
scaff_group002	NW_024607942.1	42778	30988763
scaff_group002	NW_024607943.1	42779	31031542
scaff_group002	NW_024607944.1	42820	31074362
scaff_group002	NW_024607945.1	42822	31117184
scaff_group002	NW_024607946.1	42847	31160031
scaff_group002	NW_024607947.1	42864	31202895
scaff_group002	NW_024607948.1	42877	31245772
scaff_group002	NW_024607949.1	42896	31288668
scaff_group002	NW_024607950.1	42903	31331571
scaff_group002	NW_024607951.1	42921	31374492
scaff_group002	NW_024607952.1	42922	31417414
scaff_group002	NW_024607953.1	42928	31460342
scaff_group002	NW_024607954.1	42994	31503336
scaff_group002	NW_024607955.1	43043	31546379
scaff_group002	NW_024607956.1	43064	31589443
scaff_group002	NW_024607957.1	43112	31632555
scaff_group002	NW_024607958.1	43194	31675749
scaff_group002	NW_024607959.1	43196	31718945
scaff_group002	NW_024607960.1	43207	31762152
scaff_group002	NW_024607961.1	43245	31805397
scaff_group002	NW_024607962.1	43280	31848677
scaff_group002	NW_024607963.1	43316	31891993
scaff_group002	NW_024607964.1	43348	31935341
scaff_group002	NW_024607965.1	43372	31978713
scaff_group002	NW_024607966.1	43466	32022179
scaff_group002	NW_024607967.1	43514	32065693
scaff_group002	NW_024607968.1	43524	32109217
scaff_group002	NW_024607969.1	43526	32152743
scaff_group002	NW_024607970.1	43539	32196282
scaff_group002	NW_024607971.1	43547	32239829
scaff_group002	NW_024607972.1	43596	32283425
scaff_group002	NW_024607973.1	43598	32327023
scaff_group002	NW_024607974.1	43619	32370642
scaff_group002	NW_024607975.1	43620	32414262
scaff_group002	NW_024607976.1	43671	32457933
scaff_group002	NW_024607977.1	43701	32501634
scaff_group002	NW_024607978.1	43711	32545345
scaff_group002	NW_024607979.1	43723	32589068
scaff_group002	NW_024607980.1	43726	32632794
scaff_group002	NW_024607981.1	43730	32676524
scaff_group002	NW_024607982.1	43767	32720291
scaff_group002	NW_024607983.1	43786	32764077
scaff_group002	NW_024607984.1	43795	32807872
scaff_group002	NW_024607985.1	43798	32851670
scaff_group002	NW_024607986.1	43835	32895505
scaff_group002	NW_024607987.1	43836	32939341
scaff_group002	NW_024607988.1	44020	32983361
scaff_group002	NW_024607989.1	44022	33027383
scaff_group002	NW_024607990.1	44025	33071408
scaff_group002	NW_024607991.1	44031	33115439
scaff_group002	NW_024607992.1	44032	33159471
scaff_group002	NW_024607993.1	44098	33203569
scaff_group002	NW_024607994.1	44130	33247699
scaff_group002	NW_024607995.1	44132	33291831
scaff_group002	NW_024607996.1	44135	33335966
scaff_group002	NW_024607997.1	44153	33380119
scaff_group002	NW_024607998.1	44160	33424279
scaff_group002	NW_024607999.1	44176	33468455
scaff_group002	NW_024608000.1	44275	33512730
scaff_group002	NW_024608001.1	44320	33557050
scaff_group002	NW_024608002.1	44403	33601453
scaff_group002	NW_024608003.1	44444	33645897
scaff_group002	NW_024608004.1	44529	33690426
scaff_group002	NW_024608005.1	44631	33735057
scaff_group002	NW_024608006.1	44703	33779760
scaff_group002	NW_024608007.1	44771	33824531
scaff_group002	NW_024608008.1	44813	33869344
scaff_group002	NW_024608009.1	44827	33914171
scaff_group002	NW_024608010.1	44843	33959014
scaff_group002	NW_024608011.1	44874	34003888
scaff_group002	NW_024608012.1	44897	34048785
scaff_group002	NW_024608013.1	45019	34093804
scaff_group002	NW_024608014.1	45033	34138837
scaff_group002	NW_024608015.1	45127	34183964
scaff_group002	NW_024608016.1	45175	34229139
scaff_group002	NW_024608017.1	45178	34274317
scaff_group002	NW_024608018.1	45218	34319535
scaff_group002	NW_024608019.1	45302	34364837
scaff_group002	NW_024608020.1	45356	34410193
scaff_group002	NW_024608021.1	45423	34455616
scaff_group002	NW_024608022.1	45426	34501042
scaff_group002	NW_024608023.1	45441	34546483
scaff_group002	NW_024608024.1	45459	34591942
scaff_group002	NW_024608025.1	45479	34637421
scaff_group002	NW_024608026.1	45520	34682941
scaff_group002	NW_024608027.1	45521	34728462
scaff_group002	NW_024608028.1	45537	34773999
scaff_group002	NW_024608029.1	45575	34819574
scaff_group002	NW_024608030.1	45590	34865164
scaff_group002	NW_024608031.1	45610	34910774
scaff_group002	NW_024608032.1	45682	34956456
scaff_group002	NW_024608033.1	45719	35002175
scaff_group002	NW_024608034.1	45769	35047944
scaff_group002	NW_024608035.1	45777	35093721
scaff_group002	NW_024608036.1	45817	35139538
scaff_group002	NW_024608037.1	45918	35185456
scaff_group002	NW_024608038.1	46113	35231569
scaff_group002	NW_024608039.1	46192	35277761
scaff_group002	NW_024608040.1	46196	35323957
scaff_group002	NW_024608041.1	46202	35370159
scaff_group002	NW_024608042.1	46278	35416437
scaff_group002	NW_024608043.1	46319	35462756
scaff_group002	NW_024608044.1	46358	35509114
scaff_group002	NW_024608045.1	46380	35555494
scaff_group002	NW_024608046.1	46393	35601887
scaff_group002	NW_024608047.1	46451	35648338
scaff_group002	NW_024608048.1	46453	35694791
scaff_group002	NW_024608049.1	46477	35741268
scaff_group002	NW_024608050.1	46497	35787765
scaff_group002	NW_024608051.1	46516	35834281
scaff_group002	NW_024608052.1	46521	35880802
scaff_group002	NW_024608053.1	46577	35927379
scaff_group002	NW_024608054.1	46632	35974011
scaff_group002	NW_024608055.1	46786	36020797
scaff_group002	NW_024608056.1	46809	36067606
scaff_group002	NW_024608057.1	46868	36114474
scaff_group002	NW_024608058.1	46876	36161350
scaff_group002	NW_024608059.1	46934	36208284
scaff_group002	NW_024608060.1	46963	36255247
scaff_group002	NW_024608061.1	47080	36302327
scaff_group002	NW_024608062.1	47102	36349429
scaff_group002	NW_024608063.1	47190	36396619
scaff_group002	NW_024608064.1	47191	36443810
scaff_group002	NW_024608065.1	47228	36491038
scaff_group002	NW_024608066.1	47406	36538444
scaff_group002	NW_024608067.1	47410	36585854
scaff_group002	NW_024608068.1	47521	36633375
scaff_group002	NW_024608069.1	47543	36680918
scaff_group002	NW_024608070.1	47651	36728569
scaff_group002	NW_024608071.1	47670	36776239
scaff_group002	NW_024608072.1	47679	36823918
scaff_group002	NW_024608073.1	47698	36871616
scaff_group002	NW_024608074.1	47700	36919316
scaff_group002	NW_024608075.1	47757	36967073
scaff_group002	NW_024608076.1	47802	37014875
scaff_group002	NW_024608077.1	47827	37062702
scaff_group002	NW_024608078.1	47860	37110562
scaff_group002	NW_024608079.1	47881	37158443
scaff_group002	NW_024608080.1	47899	37206342
scaff_group002	NW_024608081.1	47963	37254305
scaff_group002	NW_024608082.1	48066	37302371
scaff_group002	NW_024608083.1	48074	37350445
scaff_group002	NW_024608084.1	48111	37398556
scaff_group002	NW_024608085.1	48165	37446721
scaff_group002	NW_024608086.1	48170	37494891
scaff_group002	NW_024608087.1	48389	37543280
scaff_group002	NW_024608088.1	48462	37591742
scaff_group002	NW_024608089.1	48466	37640208
scaff_group002	NW_024608090.1	48599	37688807
scaff_group002	NW_024608091.1	48626	37737433
scaff_group002	NW_024608092.1	48690	37786123
scaff_group002	NW_024608093.1	48744	37834867
scaff_group002	NW_024608094.1	48803	37883670
scaff_group002	NW_024608095.1	48888	37932558
scaff_group002	NW_024608096.1	48919	37981477
scaff_group002	NW_024608097.1	48984	38030461
scaff_group002	NW_024608098.1	48987	38079448
scaff_group002	NW_024608099.1	49074	38128522
scaff_group002	NW_024608100.1	49228	38177750
scaff_group002	NW_024608101.1	49261	38227011
scaff_group002	NW_024608102.1	49275	38276286
scaff_group002	NW_024608103.1	49288	38325574
scaff_group002	NW_024608104.1	49346	38374920
scaff_group002	NW_024608105.1	49357	38424277
scaff_group002	NW_024608106.1	49373	38473650
scaff_group002	NW_024608107.1	49413	38523063
scaff_group002	NW_024608108.1	49417	38572480
scaff_group002	NW_024608109.1	49433	38621913
scaff_group002	NW_024608110.1	49434	38671347
scaff_group002	NW_024608111.1	49445	38720792
scaff_group002	NW_024608112.1	49463	38770255
scaff_group002	NW_024608113.1	49502	38819757
scaff_group002	NW_024608114.1	49536	38869293
scaff_group002	NW_024608115.1	49606	38918899
scaff_group002	NW_024608116.1	49624	38968523
scaff_group002	NW_024608117.1	49665	39018188
scaff_group002	NW_024608118.1	49668	39067856
scaff_group002	NW_024608119.1	49720	39117576
scaff_group002	NW_024608120.1	49799	39167375
scaff_group002	NW_024608121.1	49836	39217211
scaff_group002	NW_024608122.1	49840	39267051
scaff_group002	NW_024608123.1	49841	39316892
scaff_group002	NW_024608124.1	49856	39366748
scaff_group002	NW_024608125.1	49934	39416682
scaff_group002	NW_024608126.1	50036	39466718
scaff_group002	NW_024608127.1	50084	39516802
scaff_group002	NW_024608128.1	50141	39566943
scaff_group002	NW_024608129.1	50155	39617098
scaff_group002	NW_024608130.1	50180	39667278
scaff_group002	NW_024608131.1	50202	39717480
scaff_group002	NW_024608132.1	50231	39767711
scaff_group002	NW_024608133.1	50235	39817946
scaff_group002	NW_024608134.1	50252	39868198
scaff_group002	NW_024608135.1	50266	39918464
scaff_group002	NW_024608136.1	50334	39968798
scaff_group002	NW_024608137.1	50346	40019144
scaff_group002	NW_024608138.1	50431	40069575
scaff_group002	NW_024608139.1	50453	40120028
scaff_group002	NW_024608140.1	50497	40170525
scaff_group002	NW_024608141.1	50548	40221073
scaff_group002	NW_024608142.1	50607	40271680
scaff_group002	NW_024608143.1	50609	40322289
scaff_group002	NW_024608144.1	50616	40372905
scaff_group002	NW_024608145.1	50688	40423593
scaff_group002	NW_024608146.1	50727	40474320
scaff_group002	NW_024608147.1	50761	40525081
scaff_group002	NW_024608148.1	50770	40575851
scaff_group002	NW_024608149.1	50807	40626658
scaff_group002	NW_024608150.1	50809	40677467
scaff_group002	NW_024608151.1	50915	40728382
scaff_group002	NW_024608152.1	50936	40779318
scaff_group002	NW_024608153.1	51004	40830322
scaff_group002	NW_024608154.1	51040	40881362
scaff_group002	NW_024608155.1	51044	40932406
scaff_group002	NW_024608156.1	51100	40983506
scaff_group002	NW_024608157.1	51113	41034619
scaff_group002	NW_024608158.1	51138	41085757
scaff_group002	NW_024608159.1	51233	41136990
scaff_group002	NW_024608160.1	51241	41188231
scaff_group002	NW_024608161.1	51305	41239536
scaff_group002	NW_024608162.1	51327	41290863
scaff_group002	NW_024608163.1	51361	41342224
scaff_group002	NW_024608164.1	51452	41393676
scaff_group002	NW_024608165.1	51477	41445153
scaff_group002	NW_024608166.1	51531	41496684
scaff_group002	NW_024608167.1	51747	41548431
scaff_group002	NW_024608168.1	51790	41600221
scaff_group002	NW_024608169.1	51826	41652047
scaff_group002	NW_024608170.1	51883	41703930
scaff_group002	NW_024608171.1	51940	41755870
scaff_group002	NW_024608172.1	51941	41807811
scaff_group002	NW_024608173.1	51951	41859762
scaff_group002	NW_024608174.1	52000	41911762
scaff_group002	NW_024608175.1	52001	41963763
scaff_group002	NW_024608176.1	52064	42015827
scaff_group002	NW_024608177.1	52143	42067970
scaff_group002	NW_024608178.1	52173	42120143
scaff_group002	NW_024608179.1	52213	42172356
scaff_group002	NW_024608180.1	52310	42224666
scaff_group002	NW_024608181.1	52382	42277048
scaff_group002	NW_024608182.1	52415	42329463
scaff_group002	NW_024608183.1	52476	42381939
scaff_group002	NW_024608184.1	52501	42434440
scaff_group002	NW_024608185.1	52527	42486967
scaff_group002	NW_024608186.1	52539	42539506
scaff_group002	NW_024608187.1	52562	42592068
scaff_group002	NW_024608188.1	52564	42644632
scaff_group002	NW_024608189.1	52603	42697235
scaff_group002	NW_024608190.1	52657	42749892
scaff_group002	NW_024608191.1	52702	42802594
scaff_group002	NW_024608192.1	52733	42855327
scaff_group002	NW_024608193.1	52746	42908073
scaff_group002	NW_024608194.1	52755	42960828
scaff_group002	NW_024608195.1	52825	43013653
scaff_group002	NW_024608196.1	52830	43066483
scaff_group002	NW_024608197.1	53017	43119500
scaff_group002	NW_024608198.1	53056	43172556
scaff_group002	NW_024608199.1	53078	43225634
scaff_group002	NW_024608200.1	53089	43278723
scaff_group002	NW_024608201.1	53105	43331828
scaff_group002	NW_024608202.1	53195	43385023
scaff_group002	NW_024608203.1	53240	43438263
scaff_group002	NW_024608204.1	53245	43491508
scaff_group002	NW_024608205.1	53284	43544792
scaff_group002	NW_024608206.1	53284	43598076
scaff_group002	NW_024608207.1	53295	43651371
scaff_group002	NW_024608208.1	53327	43704698
scaff_group002	NW_024608209.1	53489	43758187
scaff_group002	NW_024608210.1	53556	43811743
scaff_group002	NW_024608211.1	53643	43865386
scaff_group002	NW_024608212.1	53707	43919093
scaff_group002	NW_024608213.1	53727	43972820
scaff_group002	NW_024608214.1	53790	44026610
scaff_group002	NW_024608215.1	53797	44080407
scaff_group002	NW_024608216.1	53805	44134212
scaff_group002	NW_024608217.1	53836	44188048
scaff_group002	NW_024608218.1	53899	44241947
scaff_group002	NW_024608219.1	53979	44295926
scaff_group002	NW_024608220.1	53986	44349912
scaff_group002	NW_024608221.1	54061	44403973
scaff_group002	NW_024608222.1	54074	44458047
scaff_group002	NW_024608223.1	54188	44512235
scaff_group002	NW_024608224.1	54202	44566437
scaff_group002	NW_024608225.1	54207	44620644
scaff_group002	NW_024608226.1	54286	44674930
scaff_group002	NW_024608227.1	54321	44729251
scaff_group002	NW_024608228.1	54327	44783578
scaff_group002	NW_024608229.1	54339	44837917
scaff_group002	NW_024608230.1	54432	44892349
scaff_group002	NW_024608231.1	54445	44946794
scaff_group002	NW_024608232.1	54464	45001258
scaff_group002	NW_024608233.1	54505	45055763
scaff_group002	NW_024608234.1	54509	45110272
scaff_group002	NW_024608235.1	54588	45164860
scaff_group002	NW_024608236.1	54597	45219457
scaff_group002	NW_024608237.1	54611	45274068
scaff_group002	NW_024608238.1	54615	45328683
scaff_group002	NW_024608239.1	54686	45383369
scaff_group002	NW_024608240.1	54765	45438134
scaff_group002	NW_024608241.1	54843	45492977
scaff_group002	NW_024608242.1	54850	45547827
scaff_group002	NW_024608243.1	54861	45602688
scaff_group002	NW_024608244.1	54887	45657575
scaff_group002	NW_024608245.1	54892	45712467
scaff_group002	NW_024608246.1	54946	45767413
scaff_group002	NW_024608247.1	54999	45822412
scaff_group002	NW_024608248.1	55017	45877429
scaff_group002	NW_024608249.1	55018	45932447
scaff_group002	NW_024608250.1	55080	45987527
scaff_group002	NW_024608251.1	55082	46042609
scaff_group002	NW_024608252.1	55098	46097707
scaff_group002	NW_024608253.1	55110	46152817
scaff_group002	NW_024608254.1	55163	46207980
scaff_group002	NW_024608255.1	55170	46263150
scaff_group002	NW_024608256.1	55241	46318391
scaff_group002	NW_024608257.1	55261	46373652
scaff_group002	NW_024608258.1	55289	46428941
scaff_group002	NW_024608259.1	55354	46484295
scaff_group002	NW_024608260.1	55361	46539656
scaff_group002	NW_024608261.1	55367	46595023
scaff_group002	NW_024608262.1	55371	46650394
scaff_group003	NW_024608263.1	55378	46705772
scaff_group003	NW_024608264.1	55391	46761163
scaff_group003	NW_024608265.1	55437	46816600
scaff_group003	NW_024608266.1	55480	46872080
scaff_group003	NW_024608267.1	55574	46927654
scaff_group003	NW_024608268.1	55589	46983243
scaff_group003	NW_024608269.1	55614	47038857
scaff_group003	NW_024608270.1	55621	47094478
scaff_group003	NW_024608271.1	55632	47150110
scaff_group003	NW_024608272.1	55735	47205845
scaff_group003	NW_024608273.1	55746	47261591
scaff_group003	NW_024608274.1	55804	47317395
scaff_group003	NW_024608275.1	55841	47373236
scaff_group003	NW_024608276.1	55849	47429085
scaff_group003	NW_024608277.1	55863	47484948
scaff_group003	NW_024608278.1	55987	47540935
scaff_group003	NW_024608279.1	56069	47597004
scaff_group003	NW_024608280.1	56086	47653090
scaff_group003	NW_024608281.1	56135	47709225
scaff_group003	NW_024608282.1	56137	47765362
scaff_group003	NW_024608283.1	56168	47821530
scaff_group003	NW_024608284.1	56174	47877704
scaff_group003	NW_024608285.1	56183	47933887
scaff_group003	NW_024608286.1	56206	47990093
scaff_group003	NW_024608287.1	56270	48046363
scaff_group003	NW_024608288.1	56283	48102646
scaff_group003	NW_024608289.1	56390	48159036
scaff_group003	NW_024608290.1	56413	48215449
scaff_group003	NW_024608291.1	56438	48271887
scaff_group003	NW_024608292.1	56448	48328335
scaff_group003	NW_024608293.1	56467	48384802
scaff_group003	NW_024608294.1	56498	48441300
scaff_group003	NW_024608295.1	56530	48497830
scaff_group003	NW_024608296.1	56573	48554403
scaff_group003	NW_024608297.1	56683	48611086
scaff_group003	NW_024608298.1	56690	48667776
scaff_group003	NW_024608299.1	56700	48724476
scaff_group003	NW_024608300.1	56737	48781213
scaff_group003	NW_024608301.1	56759	48837972
scaff_group003	NW_024608302.1	56771	48894743
scaff_group003	NW_024608303.1	56794	48951537
scaff_group003	NW_024608304.1	56819	49008356
scaff_group003	NW_024608305.1	56830	49065186
scaff_group003	NW_024608306.1	56877	49122063
scaff_group003	NW_024608307.1	56891	49178954
scaff_group003	NW_024608308.1	57017	49235971
scaff_group003	NW_024608309.1	57074	49293045
scaff_group003	NW_024608310.1	57147	49350192
scaff_group003	NW_024608311.1	57212	49407404
scaff_group003	NW_024608312.1	57238	49464642
scaff_group003	NW_024608313.1	57255	49521897
scaff_group003	NW_024608314.1	57279	49579176
scaff_group003	NW_024608315.1	57299	49636475
scaff_group003	NW_024608316.1	57370	49693845
scaff_group003	NW_024608317.1	57388	49751233
scaff_group003	NW_024608318.1	57389	49808622
scaff_group003	NW_024608319.1	57418	49866040
scaff_group003	NW_024608320.1	57534	49923574
scaff_group003	NW_024608321.1	57549	49981123
scaff_group003	NW_024608322.1	57624	50038747
scaff_group003	NW_024608323.1	57628	50096375
scaff_group003	NW_024608324.1	57641	50154016
scaff_group003	NW_024608325.1	57653	50211669
scaff_group003	NW_024608326.1	57751	50269420
scaff_group003	NW_024608327.1	57754	50327174
scaff_group003	NW_024608328.1	57869	50385043
scaff_group003	NW_024608329.1	57894	50442937
scaff_group003	NW_024608330.1	57917	50500854
scaff_group003	NW_024608331.1	58081	50558935
scaff_group003	NW_024608332.1	58087	50617022
scaff_group003	NW_024608333.1	58321	50675343
scaff_group003	NW_024608334.1	58346	50733689
scaff_group003	NW_024608335.1	58349	50792038
scaff_group003	NW_024608336.1	58356	50850394
scaff_group003	NW_024608337.1	58380	50908774
scaff_group003	NW_024608338.1	58456	50967230
scaff_group003	NW_024608339.1	58471	51025701
scaff_group003	NW_024608340.1	58472	51084173
scaff_group003	NW_024608341.1	58498	51142671
scaff_group003	NW_024608342.1	58512	51201183
scaff_group003	NW_024608343.1	58537	51259720
scaff_group003	NW_024608344.1	58544	51318264
scaff_group003	NW_024608345.1	58554	51376818
scaff_group003	NW_024608346.1	58562	51435380
scaff_group003	NW_024608347.1	58591	51493971
scaff_group003	NW_024608348.1	58726	51552697
scaff_group003	NW_024608349.1	58820	51611517
scaff_group003	NW_024608350.1	58923	51670440
scaff_group003	NW_024608351.1	58979	51729419
scaff_group003	NW_024608352.1	59017	51788436
scaff_group003	NW_024608353.1	59030	51847466
scaff_group003	NW_024608354.1	59089	51906555
scaff_group003	NW_024608355.1	59170	51965725
scaff_group003	NW_024608356.1	59174	52024899
scaff_group003	NW_024608357.1	59174	52084073
scaff_group003	NW_024608358.1	59184	52143257
scaff_group003	NW_024608359.1	59189	52202446
scaff_group003	NW_024608360.1	59304	52261750
scaff_group003	NW_024608361.1	59313	52321063
scaff_group003	NW_024608362.1	59331	52380394
scaff_group003	NW_024608363.1	59343	52439737
scaff_group003	NW_024608364.1	59380	52499117
scaff_group003	NW_024608365.1	59416	52558533
scaff_group003	NW_024608366.1	59449	52617982
scaff_group003	NW_024608367.1	59476	52677458
scaff_group003	NW_024608368.1	59498	52736956
scaff_group003	NW_024608369.1	59582	52796538
scaff_group003	NW_024608370.1	59623	52856161
scaff_group003	NW_024608371.1	59642	52915803
scaff_group003	NW_024608372.1	59674	52975477
scaff_group003	NW_024608373.1	59795	53035272
scaff_group003	NW_024608374.1	59815	53095087
scaff_group003	NW_024608375.1	59823	53154910
scaff_group003	NW_024608376.1	59853	53214763
scaff_group003	NW_024608377.1	59914	53274677
scaff_group003	NW_024608378.1	60096	53334773
scaff_group003	NW_024608379.1	60168	53394941
scaff_group003	NW_024608380.1	60197	53455138
scaff_group003	NW_024608381.1	60222	53515360
scaff_group003	NW_024608382.1	60234	53575594
scaff_group003	NW_024608383.1	60280	53635874
scaff_group003	NW_024608384.1	60288	53696162
scaff_group003	NW_024608385.1	60318	53756480
scaff_group003	NW_024608386.1	60351	53816831
scaff_group003	NW_024608387.1	60393	53877224
scaff_group003	NW_024608388.1	60446	53937670
scaff_group003	NW_024608389.1	60463	53998133
scaff_group003	NW_024608390.1	60583	54058716
scaff_group003	NW_024608391.1	60722	54119438
scaff_group003	NW_024608392.1	60723	54180161
scaff_group003	NW_024608393.1	60731	54240892
scaff_group003	NW_024608394.1	60742	54301634
scaff_group003	NW_024608395.1	60771	54362405
scaff_group003	NW_024608396.1	60809	54423214
scaff_group003	NW_024608397.1	60866	54484080
scaff_group003	NW_024608398.1	60898	54544978
scaff_group003	NW_024608399.1	60929	54605907
scaff_group003	NW_024608400.1	61078	54666985
scaff_group003	NW_024608401.1	61088	54728073
scaff_group003	NW_024608402.1	61117	54789190
scaff_group003	NW_024608403.1	61221	54850411
scaff_group003	NW_024608404.1	61272	54911683
scaff_group003	NW_024608405.1	61300	54972983
scaff_group003	NW_024608406.1	61368	55034351
scaff_group003	NW_024608407.1	61408	55095759
scaff_group003	NW_024608408.1	61425	55157184
scaff_group003	NW_024608409.1	61428	55218612
scaff_group003	NW_024608410.1	61432	55280044
scaff_group003	NW_024608411.1	61436	55341480
scaff_group003	NW_024608412.1	61535	55403015
scaff_group003	NW_024608413.1	61603	55464618
scaff_group003	NW_024608414.1	61734	55526352
scaff_group003	NW_024608415.1	61865	55588217
scaff_group003	NW_024608416.1	61882	55650099
scaff_group003	NW_024608417.1	62026	55712125
scaff_group003	NW_024608418.1	62042	55774167
scaff_group003	NW_024608419.1	62078	55836245
scaff_group003	NW_024608420.1	62124	55898369
scaff_group003	NW_024608421.1	62159	55960528
scaff_group003	NW_024608422.1	62181	56022709
scaff_group003	NW_024608423.1	62197	56084906
scaff_group003	NW_024608424.1	62316	56147222
scaff_group003	NW_024608425.1	62362	56209584
scaff_group003	NW_024608426.1	62374	56271958
scaff_group003	NW_024608427.1	62456	56334414
scaff_group003	NW_024608428.1	62502	56396916
scaff_group003	NW_024608429.1	62529	56459445
scaff_group003	NW_024608430.1	62532	56521977
scaff_group003	NW_024608431.1	62558	56584535
scaff_group003	NW_024608432.1	62558	56647093
scaff_group003	NW_024608433.1	62636	56709729
scaff_group003	NW_024608434.1	62667	56772396
scaff_group003	NW_024608435.1	62673	56835069
scaff_group003	NW_024608436.1	62707	56897776
scaff_group003	NW_024608437.1	62722	56960498
scaff_group003	NW_024608438.1	62782	57023280
scaff_group003	NW_024608439.1	62818	57086098
scaff_group003	NW_024608440.1	62819	57148917
scaff_group003	NW_024608441.1	62877	57211794
scaff_group003	NW_024608442.1	62883	57274677
scaff_group003	NW_024608443.1	62981	57337658
scaff_group003	NW_024608444.1	63031	57400689
scaff_group003	NW_024608445.1	63043	57463732
scaff_group003	NW_024608446.1	63123	57526855
scaff_group003	NW_024608447.1	63149	57590004
scaff_group003	NW_024608448.1	63154	57653158
scaff_group003	NW_024608449.1	63183	57716341
scaff_group003	NW_024608450.1	63184	57779525
scaff_group003	NW_024608451.1	63243	57842768
scaff_group003	NW_024608452.1	63260	57906028
scaff_group003	NW_024608453.1	63292	57969320
scaff_group003	NW_024608454.1	63359	58032679
scaff_group003	NW_024608455.1	63364	58096043
scaff_group003	NW_024608456.1	63364	58159407
scaff_group003	NW_024608457.1	63377	58222784
scaff_group003	NW_024608458.1	63389	58286173
scaff_group003	NW_024608459.1	63407	58349580
scaff_group003	NW_024608460.1	63421	58413001
scaff_group003	NW_024608461.1	63437	58476438
scaff_group003	NW_024608462.1	63446	58539884
scaff_group003	NW_024608463.1	63454	58603338
scaff_group003	NW_024608464.1	63521	58666859
scaff_group003	NW_024608465.1	63580	58730439
scaff_group003	NW_024608466.1	63587	58794026
scaff_group003	NW_024608467.1	63610	58857636
scaff_group003	NW_024608468.1	63619	58921255
scaff_group003	NW_024608469.1	63634	58984889
scaff_group003	NW_024608470.1	63703	59048592
scaff_group003	NW_024608471.1	63707	59112299
scaff_group003	NW_024608472.1	63841	59176140
scaff_group003	NW_024608473.1	63850	59239990
scaff_group003	NW_024608474.1	63894	59303884
scaff_group003	NW_024608475.1	63894	59367778
scaff_group003	NW_024608476.1	63920	59431698
scaff_group003	NW_024608477.1	63956	59495654
scaff_group003	NW_024608478.1	63956	59559610
scaff_group003	NW_024608479.1	63978	59623588
scaff_group003	NW_024608480.1	64032	59687620
scaff_group003	NW_024608481.1	64038	59751658
scaff_group003	NW_024608482.1	64094	59815752
scaff_group003	NW_024608483.1	64155	59879907
scaff_group003	NW_024608484.1	64329	59944236
scaff_group003	NW_024608485.1	64372	60008608
scaff_group003	NW_024608486.1	64461	60073069
scaff_group003	NW_024608487.1	64493	60137562
scaff_group003	NW_024608488.1	64545	60202107
scaff_group003	NW_024608489.1	64625	60266732
scaff_group003	NW_024608490.1	64627	60331359
scaff_group003	NW_024608491.1	64686	60396045
scaff_group003	NW_024608492.1	64687	60460732
scaff_group003	NW_024608493.1	64693	60525425
scaff_group003	NW_024608494.1	64698	60590123
scaff_group003	NW_024608495.1	64789	60654912
scaff_group003	NW_024608496.1	64825	60719737
scaff_group003	NW_024608497.1	64827	60784564
scaff_group003	NW_024608498.1	64853	60849417
scaff_group003	NW_024608499.1	64854	60914271
scaff_group003	NW_024608500.1	64883	60979154
scaff_group003	NW_024608501.1	64936	61044090
scaff_group003	NW_024608502.1	64959	61109049
scaff_group003	NW_024608503.1	65010	61174059
scaff_group003	NW_024608504.1	65038	61239097
scaff_group003	NW_024608505.1	65049	61304146
scaff_group003	NW_024608506.1	65128	61369274
scaff_group003	NW_024608507.1	65169	61434443
scaff_group003	NW_024608508.1	65188	61499631
scaff_group003	NW_024608509.1	65209	61564840
scaff_group003	NW_024608510.1	65270	61630110
scaff_group003	NW_024608511.1	65344	61695454
scaff_group003	NW_024608512.1	65346	61760800
scaff_group003	NW_024608513.1	65363	61826163
scaff_group003	NW_024608514.1	65370	61891533
scaff_group003	NW_024608515.1	65407	61956940
scaff_group003	NW_024608516.1	65456	62022396
scaff_group003	NW_024608517.1	65526	62087922
scaff_group003	NW_024608518.1	65546	62153468
scaff_group003	NW_024608519.1	65650	62219118
scaff_group003	NW_024608520.1	65765	62284883
scaff_group003	NW_024608521.1	65766	62350649
scaff_group003	NW_024608522.1	65768	62416417
scaff_group003	NW_024608523.1	65841	62482258
scaff_group003	NW_024608524.1	65847	62548105
scaff_group003	NW_024608525.1	65948	62614053
scaff_group003	NW_024608526.1	65952	62680005
scaff_group003	NW_024608527.1	65978	62745983
scaff_group003	NW_024608528.1	65985	62811968
scaff_group003	NW_024608529.1	65998	62877966
scaff_group003	NW_024608530.1	66053	62944019
scaff_group003	NW_024608531.1	66057	63010076
scaff_group003	NW_024608532.1	66082	63076158
scaff_group003	NW_024608533.1	66132	63142290
scaff_group003	NW_024608534.1	66185	63208475
scaff_group003	NW_024608535.1	66247	63274722
scaff_group003	NW_024608536.1	66298	63341020
scaff_group003	NW_024608537.1	66322	63407342
scaff_group003	NW_024608538.1	66357	63473699
scaff_group003	NW_024608539.1	66515	63540214
scaff_group003	NW_024608540.1	66564	63606778
scaff_group003	NW_024608541.1	66811	63673589
scaff_group003	NW_024608542.1	66824	63740413
scaff_group003	NW_024608543.1	66882	63807295
scaff_group003	NW_024608544.1	66942	63874237
scaff_group003	NW_024608545.1	66959	63941196
scaff_group003	NW_024608546.1	66965	64008161
scaff_group003	NW_024608547.1	66966	64075127
scaff_group003	NW_024608548.1	67070	64142197
scaff_group003	NW_024608549.1	67091	64209288
scaff_group003	NW_024608550.1	67104	64276392
scaff_group003	NW_024608551.1	67123	64343515
scaff_group003	NW_024608552.1	67125	64410640
scaff_group003	NW_024608553.1	67158	64477798
scaff_group003	NW_024608554.1	67226	64545024
scaff_group003	NW_024608555.1	67293	64612317
scaff_group003	NW_024608556.1	67326	64679643
scaff_group003	NW_024608557.1	67373	64747016
scaff_group003	NW_024608558.1	67406	64814422
scaff_group003	NW_024608559.1	67494	64881916
scaff_group003	NW_024608560.1	67532	64949448
scaff_group003	NW_024608561.1	67604	65017052
scaff_group003	NW_024608562.1	67610	65084662
scaff_group003	NW_024608563.1	67629	65152291
scaff_group003	NW_024608564.1	67672	65219963
scaff_group003	NW_024608565.1	67710	65287673
scaff_group003	NW_024608566.1	67740	65355413
scaff_group003	NW_024608567.1	67783	65423196
scaff_group003	NW_024608568.1	67925	65491121
scaff_group003	NW_024608569.1	67943	65559064
scaff_group003	NW_024608570.1	68054	65627118
scaff_group003	NW_024608571.1	68088	65695206
scaff_group003	NW_024608572.1	68098	65763304
scaff_group003	NW_024608573.1	68154	65831458
scaff_group003	NW_024608574.1	68163	65899621
scaff_group003	NW_024608575.1	68237	65967858
scaff_group003	NW_024608576.1	68258	66036116
scaff_group003	NW_024608577.1	68293	66104409
scaff_group003	NW_024608578.1	68347	66172756
scaff_group003	NW_024608579.1	68463	66241219
scaff_group003	NW_024608580.1	68471	66309690
scaff_group003	NW_024608581.1	68492	66378182
scaff_group003	NW_024608582.1	68528	66446710
scaff_group003	NW_024608583.1	68530	66515240
scaff_group003	NW_024608584.1	68623	66583863
scaff_group003	NW_024608585.1	68664	66652527
scaff_group003	NW_024608586.1	68683	66721210
scaff_group003	NW_024608587.1	68693	66789903
scaff_group003	NW_024608588.1	68845	66858748
scaff_group003	NW_024608589.1	68910	66927658
scaff_group003	NW_024608590.1	69045	66996703
scaff_group003	NW_024608591.1	69064	67065767
scaff_group003	NW_024608592.1	69111	67134878
scaff_group003	NW_024608593.1	69197	67204075
scaff_group003	NW_024608594.1	69240	67273315
scaff_group003	NW_024608595.1	69291	67342606
scaff_group003	NW_024608596.1	69395	67412001
scaff_group003	NW_024608597.1	69406	67481407
scaff_group003	NW_024608598.1	69409	67550816
scaff_group003	NW_024608599.1	69425	67620241
scaff_group003	NW_024608600.1	69477	67689718
scaff_group003	NW_024608601.1	69478	67759196
scaff_group003	NW_024608602.1	69483	67828679
scaff_group003	NW_024608603.1	69537	67898216
scaff_group003	NW_024608604.1	69603	67967819
scaff_group003	NW_024608605.1	69638	68037457
scaff_group003	NW_024608606.1	69661	68107118
scaff_group003	NW_024608607.1	69708	68176826
scaff_group003	NW_024608608.1	69802	68246628
scaff_group003	NW_024608609.1	69838	68316466
scaff_group003	NW_024608610.1	69879	68386345
scaff_group003	NW_024608611.1	69918	68456263
scaff_group003	NW_024608612.1	69941	68526204
scaff_group003	NW_024608613.1	70005	68596209
scaff_group003	NW_024608614.1	70065	68666274
scaff_group003	NW_024608615.1	70071	68736345
scaff_group003	NW_024608616.1	70097	68806442
scaff_group003	NW_024608617.1	70116	68876558
scaff_group003	NW_024608618.1	70152	68946710
scaff_group003	NW_024608619.1	70176	69016886
scaff_group003	NW_024608620.1	70187	69087073
scaff_group003	NW_024608621.1	70219	69157292
scaff_group003	NW_024608622.1	70233	69227525
scaff_group003	NW_024608623.1	70412	69297937
scaff_group003	NW_024608624.1	70465	69368402
scaff_group003	NW_024608625.1	70478	69438880
scaff_group003	NW_024608626.1	70646	69509526
scaff_group003	NW_024608627.1	70692	69580218
scaff_group003	NW_024608628.1	70768	69650986
scaff_group003	NW_024608629.1	70789	69721775
scaff_group003	NW_024608630.1	71067	69792842
scaff_group003	NW_024608631.1	71109	69863951
scaff_group003	NW_024608632.1	71172	69935123
scaff_group004	NW_024608633.1	71387	70006510
scaff_group004	NW_024608634.1	71389	70077899
scaff_group004	NW_024608635.1	71432	70149331
scaff_group004	NW_024608636.1	71574	70220905
scaff_group004	NW_024608637.1	71624	70292529
scaff_group004	NW_024608638.1	71643	70364172
scaff_group004	NW_024608639.1	71731	70435903
scaff_group004	NW_024608640.1	71820	70507723
scaff_group004	NW_024608641.1	71840	70579563
scaff_group004	NW_024608642.1	71874	70651437
scaff_group004	NW_024608643.1	71905	70723342
scaff_group004	NW_024608644.1	72067	70795409
scaff_group004	NW_024608645.1	72141	70867550
scaff_group004	NW_024608646.1	72188	70939738
scaff_group004	NW_024608647.1	72226	71011964
scaff_group004	NW_024608648.1	72455	71084419
scaff_group004	NW_024608649.1	72584	71157003
scaff_group004	NW_024608650.1	72605	71229608
scaff_group004	NW_024608651.1	72694	71302302
scaff_group004	NW_024608652.1	72702	71375004
scaff_group004	NW_024608653.1	72703	71447707
scaff_group004	NW_024608654.1	72852	71520559
scaff_group004	NW_024608655.1	72923	71593482
scaff_group004	NW_024608656.1	73132	71666614
scaff_group004	NW_024608657.1	73149	71739763
scaff_group004	NW_024608658.1	73173	71812936
scaff_group004	NW_024608659.1	73185	71886121
scaff_group004	NW_024608660.1	73196	71959317
scaff_group004	NW_024608661.1	73323	72032640
scaff_group004	NW_024608662.1	73404	72106044
scaff_group004	NW_024608663.1	73434	72179478
scaff_group004	NW_024608664.1	73447	72252925
scaff_group004	NW_024608665.1	73486	72326411
scaff_group004	NW_024608666.1	73540	72399951
scaff_group004	NW_024608667.1	73540	72473491
scaff_group004	NW_024608668.1	73542	72547033
scaff_group004	NW_024608669.1	73571	72620604
scaff_group004	NW_024608670.1	73631	72694235
scaff_group004	NW_024608671.1	73647	72767882
scaff_group004	NW_024608672.1	73691	72841573
scaff_group004	NW_024608673.1	73837	72915410
scaff_group004	NW_024608674.1	73838	72989248
scaff_group004	NW_024608675.1	73885	73063133
scaff_group004	NW_024608676.1	73894	73137027
scaff_group004	NW_024608677.1	73974	73211001
scaff_group004	NW_024608678.1	74002	73285003
scaff_group004	NW_024608679.1	74026	73359029
scaff_group004	NW_024608680.1	74072	73433101
scaff_group004	NW_024608681.1	74103	73507204
scaff_group004	NW_024608682.1	74186	73581390
scaff_group004	NW_024608683.1	74223	73655613
scaff_group004	NW_024608684.1	74587	73730200
scaff_group004	NW_024608685.1	74606	73804806
scaff_group004	NW_024608686.1	74611	73879417
scaff_group004	NW_024608687.1	74699	73954116
scaff_group004	NW_024608688.1	74733	74028849
scaff_group004	NW_024608689.1	74778	74103627
scaff_group004	NW_024608690.1	74920	74178547
scaff_group004	NW_024608691.1	75029	74253576
scaff_group004	NW_024608692.1	75067	74328643
scaff_group004	NW_024608693.1	75203	74403846
scaff_group004	NW_024608694.1	75214	74479060
scaff_group004	NW_024608695.1	75245	74554305
scaff_group004	NW_024608696.1	75368	74629673
scaff_group004	NW_024608697.1	75388	74705061
scaff_group004	NW_024608698.1	75428	74780489
scaff_group004	NW_024608699.1	75483	74855972
scaff_group004	NW_024608700.1	75502	74931474
scaff_group004	NW_024608701.1	75652	75007126
scaff_group004	NW_024608702.1	75653	75082779
scaff_group004	NW_024608703.1	75674	75158453
scaff_group004	NW_024608704.1	75725	75234178
scaff_group004	NW_024608705.1	75733	75309911
scaff_group004	NW_024608706.1	75792	75385703
scaff_group004	NW_024608707.1	75894	75461597
scaff_group004	NW_024608708.1	75912	75537509
scaff_group004	NW_024608709.1	75927	75613436
scaff_group004	NW_024608710.1	75971	75689407
scaff_group004	NW_024608711.1	75994	75765401
scaff_group004	NW_024608712.1	76029	75841430
scaff_group004	NW_024608713.1	76040	75917470
scaff_group004	NW_024608714.1	76092	75993562
scaff_group004	NW_024608715.1	76132	76069694
scaff_group004	NW_024608716.1	76229	76145923
scaff_group004	NW_024608717.1	76315	76222238
scaff_group004	NW_024608718.1	76354	76298592
scaff_group004	NW_024608719.1	76383	76374975
scaff_group004	NW_024608720.1	76488	76451463
scaff_group004	NW_024608721.1	76637	76528100
scaff_group004	NW_024608722.1	76874	76604974
scaff_group004	NW_024608723.1	76886	76681860
scaff_group004	NW_024608724.1	76964	76758824
scaff_group004	NW_024608725.1	77036	76835860
scaff_group004	NW_024608726.1	77072	76912932
scaff_group004	NW_024608727.1	77073	76990005
scaff_group004	NW_024608728.1	77114	77067119
scaff_group004	NW_024608729.1	77257	77144376
scaff_group004	NW_024608730.1	77365	77221741
scaff_group004	NW_024608731.1	77425	77299166
scaff_group004	NW_024608732.1	77503	77376669
scaff_group004	NW_024608733.1	77594	77454263
scaff_group004	NW_024608734.1	77687	77531950
scaff_group004	NW_024608735.1	77725	77609675
scaff_group004	NW_024608736.1	77746	77687421
scaff_group004	NW_024608737.1	77767	77765188
scaff_group004	NW_024608738.1	77911	77843099
scaff_group004	NW_024608739.1	77929	77921028
scaff_group004	NW_024608740.1	78054	77999082
scaff_group004	NW_024608741.1	78177	78077259
scaff_group004	NW_024608742.1	78225	78155484
scaff_group004	NW_024608743.1	78449	78233933
scaff_group004	NW_024608744.1	78460	78312393
scaff_group004	NW_024608745.1	78461	78390854
scaff_group004	NW_024608746.1	78485	78469339
scaff_group004	NW_024608747.1	78534	78547873
scaff_group004	NW_024608748.1	78613	78626486
scaff_group004	NW_024608749.1	78634	78705120
scaff_group004	NW_024608750.1	78638	78783758
scaff_group004	NW_024608751.1	78778	78862536
scaff_group004	NW_024608752.1	78887	78941423
scaff_group004	NW_024608753.1	78916	79020339
scaff_group004	NW_024608754.1	78931	79099270
scaff_group004	NW_024608755.1	78952	79178222
scaff_group004	NW_024608756.1	79065	79257287
scaff_group004	NW_024608757.1	79128	79336415
scaff_group004	NW_024608758.1	79173	79415588
scaff_group004	NW_024608759.1	79276	79494864
scaff_group004	NW_024608760.1	79302	79574166
scaff_group004	NW_024608761.1	79304	79653470
scaff_group004	NW_024608762.1	79328	79732798
scaff_group004	NW_024608763.1	79379	79812177
scaff_group004	NW_024608764.1	79413	79891590
scaff_group004	NW_024608765.1	79507	79971097
scaff_group004	NW_024608766.1	79633	80050730
scaff_group004	NW_024608767.1	79664	80130394
scaff_group004	NW_024608768.1	79689	80210083
scaff_group004	NW_024608769.1	79732	80289815
scaff_group004	NW_024608770.1	79757	80369572
scaff_group004	NW_024608771.1	79803	80449375
scaff_group004	NW_024608772.1	79867	80529242
scaff_group004	NW_024608773.1	79868	80609110
scaff_group004	NW_024608774.1	79879	80688989
scaff_group004	NW_024608775.1	80013	80769002
scaff_group004	NW_024608776.1	80076	80849078
scaff_group004	NW_024608777.1	80131	80929209
scaff_group004	NW_024608778.1	80315	81009524
scaff_group004	NW_024608779.1	80419	81089943
scaff_group004	NW_024608780.1	80481	81170424
scaff_group004	NW_024608781.1	80533	81250957
scaff_group004	NW_024608782.1	80537	81331494
scaff_group004	NW_024608783.1	80605	81412099
scaff_group004	NW_024608784.1	80637	81492736
scaff_group004	NW_024608785.1	80839	81573575
scaff_group004	NW_024608786.1	80855	81654430
scaff_group004	NW_024608787.1	80882	81735312
scaff_group004	NW_024608788.1	80906	81816218
scaff_group004	NW_024608789.1	81051	81897269
scaff_group004	NW_024608790.1	81085	81978354
scaff_group004	NW_024608791.1	81130	82059484
scaff_group004	NW_024608792.1	81232	82140716
scaff_group004	NW_024608793.1	81247	82221963
scaff_group004	NW_024608794.1	81251	82303214
scaff_group004	NW_024608795.1	81269	82384483
scaff_group004	NW_024608796.1	81274	82465757
scaff_group004	NW_024608797.1	81479	82547236
scaff_group004	NW_024608798.1	81561	82628797
scaff_group004	NW_024608799.1	81831	82710628
scaff_group004	NW_024608800.1	81907	82792535
scaff_group004	NW_024608801.1	81935	82874470
scaff_group004	NW_024608802.1	81956	82956426
scaff_group004	NW_024608803.1	82002	83038428
scaff_group004	NW_024608804.1	82180	83120608
scaff_group004	NW_024608805.1	82280	83202888
scaff_group004	NW_024608806.1	82317	83285205
scaff_group004	NW_024608807.1	82364	83367569
scaff_group004	NW_024608808.1	82417	83449986
scaff_group004	NW_024608809.1	82452	83532438
scaff_group004	NW_024608810.1	82454	83614892
scaff_group004	NW_024608811.1	82486	83697378
scaff_group004	NW_024608812.1	82510	83779888
scaff_group004	NW_024608813.1	82550	83862438
scaff_group004	NW_024608814.1	82955	83945393
scaff_group004	NW_024608815.1	83040	84028433
scaff_group004	NW_024608816.1	83146	84111579
scaff_group004	NW_024608817.1	83204	84194783
scaff_group004	NW_024608818.1	83229	84278012
scaff_group004	NW_024608819.1	83232	84361244
scaff_group004	NW_024608820.1	83232	84444476
scaff_group004	NW_024608821.1	83341	84527817
scaff_group004	NW_024608822.1	83385	84611202
scaff_group004	NW_024608823.1	83476	84694678
scaff_group004	NW_024608824.1	83477	84778155
scaff_group004	NW_024608825.1	83601	84861756
scaff_group004	NW_024608826.1	83643	84945399
scaff_group004	NW_024608827.1	83893	85029292
scaff_group004	NW_024608828.1	84021	85113313
scaff_group004	NW_024608829.1	84113	85197426
scaff_group004	NW_024608830.1	84115	85281541
scaff_group004	NW_024608831.1	84120	85365661
scaff_group004	NW_024608832.1	84162	85449823
scaff_group004	NW_024608833.1	84199	85534022
scaff_group004	NW_024608834.1	84214	85618236
scaff_group004	NW_024608835.1	84367	85702603
scaff_group004	NW_024608836.1	84493	85787096
scaff_group004	NW_024608837.1	84499	85871595
scaff_group004	NW_024608838.1	84603	85956198
scaff_group004	NW_024608839.1	84631	86040829
scaff_group004	NW_024608840.1	84633	86125462
scaff_group004	NW_024608841.1	84659	86210121
scaff_group004	NW_024608842.1	84671	86294792
scaff_group004	NW_024608843.1	84678	86379470
scaff_group004	NW_024608844.1	84680	86464150
scaff_group004	NW_024608845.1	84726	86548876
scaff_group004	NW_024608846.1	84765	86633641
scaff_group004	NW_024608847.1	84767	86718408
scaff_group004	NW_024608848.1	84842	86803250
scaff_group004	NW_024608849.1	84877	86888127
scaff_group004	NW_024608850.1	84921	86973048
scaff_group004	NW_024608851.1	84923	87057971
scaff_group004	NW_024608852.1	85007	87142978
scaff_group004	NW_024608853.1	85262	87228240
scaff_group004	NW_024608854.1	85461	87313701
scaff_group004	NW_024608855.1	85465	87399166
scaff_group004	NW_024608856.1	85477	87484643
scaff_group004	NW_024608857.1	85506	87570149
scaff_group004	NW_024608858.1	85596	87655745
scaff_group004	NW_024608859.1	85608	87741353
scaff_group004	NW_024608860.1	85814	87827167
scaff_group004	NW_024608861.1	85898	87913065
scaff_group004	NW_024608862.1	86325	87999390
scaff_group004	NW_024608863.1	86486	88085876
scaff_group004	NW_024608864.1	86550	88172426
scaff_group004	NW_024608865.1	86682	88259108
scaff_group004	NW_024608866.1	86970	88346078
scaff_group004	NW_024608867.1	87165	88433243
scaff_group004	NW_024608868.1	87175	88520418
scaff_group004	NW_024608869.1	87300	88607718
scaff_group004	NW_024608870.1	87380	88695098
scaff_group004	NW_024608871.1	87384	88782482
scaff_group004	NW_024608872.1	87572	88870054
scaff_group004	NW_024608873.1	87594	88957648
scaff_group004	NW_024608874.1	87617	89045265
scaff_group004	NW_024608875.1	87725	89132990
scaff_group004	NW_024608876.1	87845	89220835
scaff_group004	NW_024608877.1	87869	89308704
scaff_group004	NW_024608878.1	87959	89396663
scaff_group004	NW_024608879.1	87998	89484661
scaff_group004	NW_024608880.1	88113	89572774
scaff_group004	NW_024608881.1	88125	89660899
scaff_group004	NW_024608882.1	88304	89749203
scaff_group004	NW_024608883.1	88348	89837551
scaff_group004	NW_024608884.1	88384	89925935
scaff_group004	NW_024608885.1	88417	90014352
scaff_group004	NW_024608886.1	88590	90102942
scaff_group004	NW_024608887.1	88617	90191559
scaff_group004	NW_024608888.1	88659	90280218
scaff_group004	NW_024608889.1	88695	90368913
scaff_group004	NW_024608890.1	88754	90457667
scaff_group004	NW_024608891.1	88792	90546459
scaff_group004	NW_024608892.1	88792	90635251
scaff_group004	NW_024608893.1	88839	90724090
scaff_group004	NW_024608894.1	88876	90812966
scaff_group004	NW_024608895.1	88918	90901884
scaff_group004	NW_024608896.1	88923	90990807
scaff_group004	NW_024608897.1	88975	91079782
scaff_group004	NW_024608898.1	88997	91168779
scaff_group004	NW_024608899.1	89100	91257879
scaff_group004	NW_024608900.1	89127	91347006
scaff_group004	NW_024608901.1	89302	91436308
scaff_group004	NW_024608902.1	89427	91525735
scaff_group004	NW_024608903.1	89451	91615186
scaff_group004	NW_024608904.1	89469	91704655
scaff_group004	NW_024608905.1	89490	91794145
scaff_group004	NW_024608906.1	89543	91883688
scaff_group004	NW_024608907.1	89588	91973276
scaff_group004	NW_024608908.1	89608	92062884
scaff_group004	NW_024608909.1	89666	92152550
scaff_group004	NW_024608910.1	89687	92242237
scaff_group004	NW_024608911.1	89740	92331977
scaff_group004	NW_024608912.1	89760	92421737
scaff_group004	NW_024608913.1	89781	92511518
scaff_group004	NW_024608914.1	89834	92601352
scaff_group004	NW_024608915.1	89944	92691296
scaff_group004	NW_024608916.1	90054	92781350
scaff_group004	NW_024608917.1	90085	92871435
scaff_group004	NW_024608918.1	90193	92961628
scaff_group004	NW_024608919.1	90226	93051854
scaff_group004	NW_024608920.1	90232	93142086
scaff_group004	NW_024608921.1	90458	93232544
scaff_group004	NW_024608922.1	90463	93323007
scaff_group005	NW_024608923.1	90530	93413537
scaff_group005	NW_024608924.1	90562	93504099
scaff_group005	NW_024608925.1	90738	93594837
scaff_group005	NW_024608926.1	90816	93685653
scaff_group005	NW_024608927.1	91095	93776748
scaff_group005	NW_024608928.1	91312	93868060
scaff_group005	NW_024608929.1	91343	93959403
scaff_group005	NW_024608930.1	91353	94050756
scaff_group005	NW_024608931.1	91390	94142146
scaff_group005	NW_024608932.1	91481	94233627
scaff_group005	NW_024608933.1	91503	94325130
scaff_group005	NW_024608934.1	91503	94416633
scaff_group005	NW_024608935.1	91621	94508254
scaff_group005	NW_024608936.1	91694	94599948
scaff_group005	NW_024608937.1	91730	94691678
scaff_group005	NW_024608938.1	91894	94783572
scaff_group005	NW_024608939.1	91913	94875485
scaff_group005	NW_024608940.1	91946	94967431
scaff_group005	NW_024608941.1	92009	95059440
scaff_group005	NW_024608942.1	92119	95151559
scaff_group005	NW_024608943.1	92374	95243933
scaff_group005	NW_024608944.1	92485	95336418
scaff_group005	NW_024608945.1	92569	95428987
scaff_group005	NW_024608946.1	92614	95521601
scaff_group005	NW_024608947.1	92690	95614291
scaff_group005	NW_024608948.1	92716	95707007
scaff_group005	NW_024608949.1	92720	95799727
scaff_group005	NW_024608950.1	92736	95892463
scaff_group005	NW_024608951.1	92902	95985365
scaff_group005	NW_024608952.1	93022	96078387
scaff_group005	NW_024608953.1	93090	96171477
scaff_group005	NW_024608954.1	93096	96264573
scaff_group005	NW_024608955.1	93107	96357680
scaff_group005	NW_024608956.1	93193	96450873
scaff_group005	NW_024608957.1	93238	96544111
scaff_group005	NW_024608958.1	93338	96637449
scaff_group005	NW_024608959.1	93453	96730902
scaff_group005	NW_024608960.1	93495	96824397
scaff_group005	NW_024608961.1	93502	96917899
scaff_group005	NW_024608962.1	93571	97011470
scaff_group005	NW_024608963.1	93586	97105056
scaff_group005	NW_024608964.1	93771	97198827
scaff_group005	NW_024608965.1	93922	97292749
scaff_group005	NW_024608966.1	94039	97386788
scaff_group005	NW_024608967.1	94060	97480848
scaff_group005	NW_024608968.1	94073	97574921
scaff_group005	NW_024608969.1	94166	97669087
scaff_group005	NW_024608970.1	94452	97763539
scaff_group005	NW_024608971.1	94588	97858127
scaff_group005	NW_024608972.1	94590	97952717
scaff_group005	NW_024608973.1	94766	98047483
scaff_group005	NW_024608974.1	94997	98142480
scaff_group005	NW_024608975.1	95174	98237654
scaff_group005	NW_024608976.1	95226	98332880
scaff_group005	NW_024608977.1	95251	98428131
scaff_group005	NW_024608978.1	95309	98523440
scaff_group005	NW_024608979.1	95332	98618772
scaff_group005	NW_024608980.1	95460	98714232
scaff_group005	NW_024608981.1	95646	98809878
scaff_group005	NW_024608982.1	95684	98905562
scaff_group005	NW_024608983.1	95834	99001396
scaff_group005	NW_024608984.1	95933	99097329
scaff_group005	NW_024608985.1	95941	99193270
scaff_group005	NW_024608986.1	96027	99289297
scaff_group005	NW_024608987.1	96140	99385437
scaff_group005	NW_024608988.1	96184	99481621
scaff_group005	NW_024608989.1	96296	99577917
scaff_group005	NW_024608990.1	96344	99674261
scaff_group005	NW_024608991.1	96366	99770627
scaff_group005	NW_024608992.1	96378	99867005
scaff_group005	NW_024608993.1	96456	99963461
scaff_group005	NW_024608994.1	96538	100059999
scaff_group005	NW_024608995.1	96550	100156549
scaff_group005	NW_024608996.1	96576	100253125
scaff_group005	NW_024608997.1	96715	100349840
scaff_group005	NW_024608998.1	96774	100446614
scaff_group005	NW_024608999.1	96889	100543503
scaff_group005	NW_024609000.1	96928	100640431
scaff_group005	NW_024609001.1	97268	100737699
scaff_group005	NW_024609002.1	97324	100835023
scaff_group005	NW_024609003.1	97354	100932377
scaff_group005	NW_024609004.1	97522	101029899
scaff_group005	NW_024609005.1	97577	101127476
scaff_group005	NW_024609006.1	97650	101225126
scaff_group005	NW_024609007.1	97846	101322972
scaff_group005	NW_024609008.1	98083	101421055
scaff_group005	NW_024609009.1	98111	101519166
scaff_group005	NW_024609010.1	98154	101617320
scaff_group005	NW_024609011.1	98245	101715565
scaff_group005	NW_024609012.1	98268	101813833
scaff_group005	NW_024609013.1	98359	101912192
scaff_group005	NW_024609014.1	98574	102010766
scaff_group005	NW_024609015.1	98649	102109415
scaff_group005	NW_024609016.1	98693	102208108
scaff_group005	NW_024609017.1	98699	102306807
scaff_group005	NW_024609018.1	98740	102405547
scaff_group005	NW_024609019.1	98785	102504332
scaff_group005	NW_024609020.1	98860	102603192
scaff_group005	NW_024609021.1	98939	102702131
scaff_group005	NW_024609022.1	99081	102801212
scaff_group005	NW_024609023.1	99093	102900305
scaff_group005	NW_024609024.1	99095	102999400
scaff_group005	NW_024609025.1	99276	103098676
scaff_group005	NW_024609026.1	99323	103197999
scaff_group005	NW_024609027.1	99371	103297370
scaff_group005	NW_024609028.1	99568	103396938
scaff_group005	NW_024609029.1	99682	103496620
scaff_group005	NW_024609030.1	99686	103596306
scaff_group005	NW_024609031.1	99898	103696204
scaff_group005	NW_024609032.1	99964	103796168
scaff_group005	NW_024609033.1	100021	103896189
scaff_group005	NW_024609034.1	100580	103996769
scaff_group005	NW_024609035.1	100652	104097421
scaff_group005	NW_024609036.1	100735	104198156
scaff_group005	NW_024609037.1	100871	104299027
scaff_group005	NW_024609038.1	100922	104399949
scaff_group005	NW_024609039.1	101014	104500963
scaff_group005	NW_024609040.1	101068	104602031
scaff_group005	NW_024609041.1	101109	104703140
scaff_group005	NW_024609042.1	101171	104804311
scaff_group005	NW_024609043.1	101405	104905716
scaff_group005	NW_024609044.1	101606	105007322
scaff_group005	NW_024609045.1	101658	105108980
scaff_group005	NW_024609046.1	101686	105210666
scaff_group005	NW_024609047.1	101752	105312418
scaff_group005	NW_024609048.1	102087	105414505
scaff_group005	NW_024609049.1	102258	105516763
scaff_group005	NW_024609050.1	102432	105619195
scaff_group005	NW_024609051.1	102449	105721644
scaff_group005	NW_024609052.1	102457	105824101
scaff_group005	NW_024609053.1	102564	105926665
scaff_group005	NW_024609054.1	102797	106029462
scaff_group005	NW_024609055.1	102841	106132303
scaff_group005	NW_024609056.1	102848	106235151
scaff_group005	NW_024609057.1	102858	106338009
scaff_group005	NW_024609058.1	102942	106440951
scaff_group005	NW_024609059.1	102967	106543918
scaff_group005	NW_024609060.1	103142	106647060
scaff_group005	NW_024609061.1	103286	106750346
scaff_group005	NW_024609062.1	103568	106853914
scaff_group005	NW_024609063.1	103797	106957711
scaff_group005	NW_024609064.1	103803	107061514
scaff_group005	NW_024609065.1	103959	107165473
scaff_group005	NW_024609066.1	103974	107269447
scaff_group005	NW_024609067.1	103996	107373443
scaff_group005	NW_024609068.1	104074	107477517
scaff_group005	NW_024609069.1	104079	107581596
scaff_group005	NW_024609070.1	104186	107685782
scaff_group005	NW_024609071.1	104202	107789984
scaff_group005	NW_024609072.1	104394	107894378
scaff_group005	NW_024609073.1	104397	107998775
scaff_group005	NW_024609074.1	104454	108103229
scaff_group005	NW_024609075.1	104480	108207709
scaff_group005	NW_024609076.1	104785	108312494
scaff_group005	NW_024609077.1	104941	108417435
scaff_group005	NW_024609078.1	105022	108522457
scaff_group005	NW_024609079.1	105239	108627696
scaff_group005	NW_024609080.1	105672	108733368
scaff_group005	NW_024609081.1	106128	108839496
scaff_group005	NW_024609082.1	106182	108945678
scaff_group005	NW_024609083.1	106262	109051940
scaff_group005	NW_024609084.1	106303	109158243
scaff_group005	NW_024609085.1	106502	109264745
scaff_group005	NW_024609086.1	106503	109371248
scaff_group005	NW_024609087.1	106524	109477772
scaff_group005	NW_024609088.1	106613	109584385
scaff_group005	NW_024609089.1	106718	109691103
scaff_group005	NW_024609090.1	106901	109798004
scaff_group005	NW_024609091.1	107136	109905140
scaff_group005	NW_024609092.1	107256	110012396
scaff_group005	NW_024609093.1	107285	110119681
scaff_group005	NW_024609094.1	107285	110226966
scaff_group005	NW_024609095.1	107418	110334384
scaff_group005	NW_024609096.1	107483	110441867
scaff_group005	NW_024609097.1	107564	110549431
scaff_group005	NW_024609098.1	107630	110657061
scaff_group005	NW_024609099.1	107654	110764715
scaff_group005	NW_024609100.1	107931	110872646
scaff_group005	NW_024609101.1	108029	110980675
scaff_group005	NW_024609102.1	108117	111088792
scaff_group005	NW_024609103.1	108257	111197049
scaff_group005	NW_024609104.1	108451	111305500
scaff_group005	NW_024609105.1	108712	111414212
scaff_group005	NW_024609106.1	108866	111523078
scaff_group005	NW_024609107.1	109421	111632499
scaff_group005	NW_024609108.1	109497	111741996
scaff_group005	NW_024609109.1	109658	111851654
scaff_group005	NW_024609110.1	109701	111961355
scaff_group005	NW_024609111.1	109919	112071274
scaff_group005	NW_024609112.1	109956	112181230
scaff_group005	NW_024609113.1	110010	112291240
scaff_group005	NW_024609114.1	110167	112401407
scaff_group005	NW_024609115.1	110247	112511654
scaff_group005	NW_024609116.1	110680	112622334
scaff_group005	NW_024609117.1	110719	112733053
scaff_group005	NW_024609118.1	110824	112843877
scaff_group005	NW_024609119.1	111028	112954905
scaff_group005	NW_024609120.1	111088	113065993
scaff_group005	NW_024609121.1	111106	113177099
scaff_group005	NW_024609122.1	111215	113288314
scaff_group005	NW_024609123.1	111327	113399641
scaff_group005	NW_024609124.1	111452	113511093
scaff_group005	NW_024609125.1	111494	113622587
scaff_group005	NW_024609126.1	111516	113734103
scaff_group005	NW_024609127.1	111520	113845623
scaff_group005	NW_024609128.1	111635	113957258
scaff_group005	NW_024609129.1	111854	114069112
scaff_group005	NW_024609130.1	111909	114181021
scaff_group005	NW_024609131.1	112284	114293305
scaff_group005	NW_024609132.1	112375	114405680
scaff_group005	NW_024609133.1	112478	114518158
scaff_group005	NW_024609134.1	112509	114630667
scaff_group005	NW_024609135.1	112646	114743313
scaff_group005	NW_024609136.1	112705	114856018
scaff_group005	NW_024609137.1	112865	114968883
scaff_group005	NW_024609138.1	113024	115081907
scaff_group005	NW_024609139.1	113305	115195212
scaff_group005	NW_024609140.1	113321	115308533
scaff_group005	NW_024609141.1	113437	115421970
scaff_group005	NW_024609142.1	113520	115535490
scaff_group005	NW_024609143.1	113632	115649122
scaff_group005	NW_024609144.1	113634	115762756
scaff_group005	NW_024609145.1	113788	115876544
scaff_group005	NW_024609146.1	113816	115990360
scaff_group005	NW_024609147.1	114161	116104521
scaff_group005	NW_024609148.1	114173	116218694
scaff_group005	NW_024609149.1	114214	116332908
scaff_group005	NW_024609150.1	114419	116447327
scaff_group005	NW_024609151.1	114638	116561965
scaff_group005	NW_024609152.1	114639	116676604
scaff_group006	NW_024609153.1	114740	116791344
scaff_group006	NW_024609154.1	114773	116906117
scaff_group006	NW_024609155.1	114790	117020907
scaff_group006	NW_024609156.1	114841	117135748
scaff_group006	NW_024609157.1	114854	117250602
scaff_group006	NW_024609158.1	114881	117365483
scaff_group006	NW_024609159.1	114887	117480370
scaff_group006	NW_024609160.1	114961	117595331
scaff_group006	NW_024609161.1	114981	117710312
scaff_group006	NW_024609162.1	115747	117826059
scaff_group006	NW_024609163.1	115755	117941814
scaff_group006	NW_024609164.1	115822	118057636
scaff_group006	NW_024609165.1	115852	118173488
scaff_group006	NW_024609166.1	116066	118289554
scaff_group006	NW_024609167.1	116124	118405678
scaff_group006	NW_024609168.1	116208	118521886
scaff_group006	NW_024609169.1	116468	118638354
scaff_group006	NW_024609170.1	116507	118754861
scaff_group006	NW_024609171.1	116801	118871662
scaff_group006	NW_024609172.1	116893	118988555
scaff_group006	NW_024609173.1	116953	119105508
scaff_group006	NW_024609174.1	117250	119222758
scaff_group006	NW_024609175.1	117600	119340358
scaff_group006	NW_024609176.1	117724	119458082
scaff_group006	NW_024609177.1	117832	119575914
scaff_group006	NW_024609178.1	117888	119693802
scaff_group006	NW_024609179.1	118019	119811821
scaff_group006	NW_024609180.1	118126	119929947
scaff_group006	NW_024609181.1	118182	120048129
scaff_group006	NW_024609182.1	118302	120166431
scaff_group006	NW_024609183.1	118338	120284769
scaff_group006	NW_024609184.1	118624	120403393
scaff_group006	NW_024609185.1	118721	120522114
scaff_group006	NW_024609186.1	118839	120640953
scaff_group006	NW_024609187.1	118872	120759825
scaff_group006	NW_024609188.1	119324	120879149
scaff_group006	NW_024609189.1	119360	120998509
scaff_group006	NW_024609190.1	119467	121117976
scaff_group006	NW_024609191.1	119551	121237527
scaff_group006	NW_024609192.1	119890	121357417
scaff_group006	NW_024609193.1	120061	121477478
scaff_group006	NW_024609194.1	120071	121597549
scaff_group006	NW_024609195.1	120077	121717626
scaff_group006	NW_024609196.1	120214	121837840
scaff_group006	NW_024609197.1	120277	121958117
scaff_group006	NW_024609198.1	120350	122078467
scaff_group006	NW_024609199.1	120423	122198890
scaff_group006	NW_024609200.1	120504	122319394
scaff_group006	NW_024609201.1	120575	122439969
scaff_group006	NW_024609202.1	120683	122560652
scaff_group006	NW_024609203.1	120989	122681641
scaff_group006	NW_024609204.1	121432	122803073
scaff_group006	NW_024609205.1	121882	122924955
scaff_group006	NW_024609206.1	121983	123046938
scaff_group006	NW_024609207.1	122117	123169055
scaff_group006	NW_024609208.1	122428	123291483
scaff_group006	NW_024609209.1	122440	123413923
scaff_group006	NW_024609210.1	122807	123536730
scaff_group006	NW_024609211.1	122920	123659650
scaff_group006	NW_024609212.1	122920	123782570
scaff_group006	NW_024609213.1	123047	123905617
scaff_group006	NW_024609214.1	123090	124028707
scaff_group006	NW_024609215.1	123093	124151800
scaff_group006	NW_024609216.1	123243	124275043
scaff_group006	NW_024609217.1	123270	124398313
scaff_group006	NW_024609218.1	123795	124522108
scaff_group006	NW_024609219.1	123879	124645987
scaff_group006	NW_024609220.1	124043	124770030
scaff_group006	NW_024609221.1	124315	124894345
scaff_group006	NW_024609222.1	124356	125018701
scaff_group006	NW_024609223.1	124373	125143074
scaff_group006	NW_024609224.1	124465	125267539
scaff_group006	NW_024609225.1	124678	125392217
scaff_group006	NW_024609226.1	124818	125517035
scaff_group006	NW_024609227.1	124885	125641920
scaff_group006	NW_024609228.1	125047	125766967
scaff_group006	NW_024609229.1	125311	125892278
scaff_group006	NW_024609230.1	125330	126017608
scaff_group006	NW_024609231.1	125495	126143103
scaff_group006	NW_024609232.1	125765	126268868
scaff_group006	NW_024609233.1	125859	126394727
scaff_group006	NW_024609234.1	126009	126520736
scaff_group006	NW_024609235.1	126043	126646779
scaff_group006	NW_024609236.1	126069	126772848
scaff_group006	NW_024609237.1	126139	126898987
scaff_group006	NW_024609238.1	126225	127025212
scaff_group006	NW_024609239.1	126318	127151530
scaff_group006	NW_024609240.1	126322	127277852
scaff_group006	NW_024609241.1	126588	127404440
scaff_group006	NW_024609242.1	126627	127531067
scaff_group006	NW_024609243.1	126688	127657755
scaff_group006	NW_024609244.1	126786	127784541
scaff_group006	NW_024609245.1	127146	127911687
scaff_group006	NW_024609246.1	127339	128039026
scaff_group006	NW_024609247.1	127448	128166474
scaff_group006	NW_024609248.1	127690	128294164
scaff_group006	NW_024609249.1	127969	128422133
scaff_group006	NW_024609250.1	127975	128550108
scaff_group006	NW_024609251.1	128118	128678226
scaff_group006	NW_024609252.1	128190	128806416
scaff_group006	NW_024609253.1	128627	128935043
scaff_group006	NW_024609254.1	128740	129063783
scaff_group006	NW_024609255.1	128840	129192623
scaff_group006	NW_024609256.1	128968	129321591
scaff_group006	NW_024609257.1	129316	129450907
scaff_group006	NW_024609258.1	129451	129580358
scaff_group006	NW_024609259.1	129479	129709837
scaff_group006	NW_024609260.1	129597	129839434
scaff_group006	NW_024609261.1	129898	129969332
scaff_group006	NW_024609262.1	129935	130099267
scaff_group006	NW_024609263.1	129982	130229249
scaff_group006	NW_024609264.1	130037	130359286
scaff_group006	NW_024609265.1	130205	130489491
scaff_group006	NW_024609266.1	130270	130619761
scaff_group006	NW_024609267.1	130300	130750061
scaff_group006	NW_024609268.1	130578	130880639
scaff_group006	NW_024609269.1	130616	131011255
scaff_group006	NW_024609270.1	130675	131141930
scaff_group006	NW_024609271.1	130713	131272643
scaff_group006	NW_024609272.1	130761	131403404
scaff_group006	NW_024609273.1	130797	131534201
scaff_group006	NW_024609274.1	131122	131665323
scaff_group006	NW_024609275.1	131225	131796548
scaff_group006	NW_024609276.1	131323	131927871
scaff_group006	NW_024609277.1	131356	132059227
scaff_group006	NW_024609278.1	131660	132190887
scaff_group006	NW_024609279.1	131966	132322853
scaff_group006	NW_024609280.1	132056	132454909
scaff_group006	NW_024609281.1	132088	132586997
scaff_group006	NW_024609282.1	132158	132719155
scaff_group006	NW_024609283.1	132296	132851451
scaff_group006	NW_024609284.1	132392	132983843
scaff_group006	NW_024609285.1	132404	133116247
scaff_group006	NW_024609286.1	132755	133249002
scaff_group006	NW_024609287.1	132758	133381760
scaff_group006	NW_024609288.1	133132	133514892
scaff_group006	NW_024609289.1	133221	133648113
scaff_group006	NW_024609290.1	133372	133781485
scaff_group006	NW_024609291.1	133471	133914956
scaff_group006	NW_024609292.1	133533	134048489
scaff_group006	NW_024609293.1	133696	134182185
scaff_group006	NW_024609294.1	133773	134315958
scaff_group006	NW_024609295.1	134302	134450260
scaff_group006	NW_024609296.1	134317	134584577
scaff_group006	NW_024609297.1	134550	134719127
scaff_group006	NW_024609298.1	134697	134853824
scaff_group006	NW_024609299.1	134884	134988708
scaff_group006	NW_024609300.1	135042	135123750
scaff_group006	NW_024609301.1	135062	135258812
scaff_group006	NW_024609302.1	135131	135393943
scaff_group006	NW_024609303.1	135446	135529389
scaff_group006	NW_024609304.1	135463	135664852
scaff_group006	NW_024609305.1	135589	135800441
scaff_group006	NW_024609306.1	135667	135936108
scaff_group006	NW_024609307.1	135682	136071790
scaff_group006	NW_024609308.1	136759	136208549
scaff_group006	NW_024609309.1	137075	136345624
scaff_group006	NW_024609310.1	137214	136482838
scaff_group006	NW_024609311.1	137323	136620161
scaff_group006	NW_024609312.1	137342	136757503
scaff_group006	NW_024609313.1	137547	136895050
scaff_group006	NW_024609314.1	138073	137033123
scaff_group006	NW_024609315.1	138728	137171851
scaff_group006	NW_024609316.1	138811	137310662
scaff_group006	NW_024609317.1	138921	137449583
scaff_group006	NW_024609318.1	139512	137589095
scaff_group006	NW_024609319.1	139574	137728669
scaff_group006	NW_024609320.1	139582	137868251
scaff_group006	NW_024609321.1	139622	138007873
scaff_group006	NW_024609322.1	139649	138147522
scaff_group006	NW_024609323.1	139720	138287242
scaff_group006	NW_024609324.1	140272	138427514
scaff_group006	NW_024609325.1	140553	138568067
scaff_group006	NW_024609326.1	140659	138708726
scaff_group006	NW_024609327.1	140737	138849463
scaff_group006	NW_024609328.1	140824	138990287
scaff_group006	NW_024609329.1	140929	139131216
scaff_group006	NW_024609330.1	141080	139272296
scaff_group006	NW_024609331.1	141993	139414289
scaff_group006	NW_024609332.1	142401	139556690
scaff_group006	NW_024609333.1	142482	139699172
scaff_group006	NW_024609334.1	142709	139841881
scaff_group006	NW_024609335.1	142922	139984803
scaff_group007	NW_024609336.1	143264	140128067
scaff_group007	NW_024609337.1	143365	140271432
scaff_group007	NW_024609338.1	143391	140414823
scaff_group007	NW_024609339.1	143471	140558294
scaff_group007	NW_024609340.1	143479	140701773
scaff_group007	NW_024609341.1	144820	140846593
scaff_group007	NW_024609342.1	144959	140991552
scaff_group007	NW_024609343.1	145105	141136657
scaff_group007	NW_024609344.1	145298	141281955
scaff_group007	NW_024609345.1	145538	141427493
scaff_group007	NW_024609346.1	145544	141573037
scaff_group007	NW_024609347.1	145774	141718811
scaff_group007	NW_024609348.1	146042	141864853
scaff_group007	NW_024609349.1	146057	142010910
scaff_group007	NW_024609350.1	146141	142157051
scaff_group007	NW_024609351.1	146326	142303377
scaff_group007	NW_024609352.1	146592	142449969
scaff_group007	NW_024609353.1	146864	142596833
scaff_group007	NW_024609354.1	147088	142743921
scaff_group007	NW_024609355.1	147124	142891045
scaff_group007	NW_024609356.1	147235	143038280
scaff_group007	NW_024609357.1	147457	143185737
scaff_group007	NW_024609358.1	147546	143333283
scaff_group007	NW_024609359.1	147623	143480906
scaff_group007	NW_024609360.1	147960	143628866
scaff_group007	NW_024609361.1	148059	143776925
scaff_group007	NW_024609362.1	148183	143925108
scaff_group007	NW_024609363.1	149678	144074786
scaff_group007	NW_024609364.1	150507	144225293
scaff_group007	NW_024609365.1	151045	144376338
scaff_group007	NW_024609366.1	151421	144527759
scaff_group007	NW_024609367.1	151576	144679335
scaff_group007	NW_024609368.1	152194	144831529
scaff_group007	NW_024609369.1	152756	144984285
scaff_group007	NW_024609370.1	153562	145137847
scaff_group007	NW_024609371.1	153630	145291477
scaff_group007	NW_024609372.1	153870	145445347
scaff_group007	NW_024609373.1	153938	145599285
scaff_group007	NW_024609374.1	154670	145753955
scaff_group007	NW_024609375.1	155289	145909244
scaff_group007	NW_024609376.1	155354	146064598
scaff_group007	NW_024609377.1	155562	146220160
scaff_group007	NW_024609378.1	155679	146375839
scaff_group007	NW_024609379.1	155733	146531572
scaff_group007	NW_024609380.1	155959	146687531
scaff_group007	NW_024609381.1	157095	146844626
scaff_group007	NW_024609382.1	157162	147001788
scaff_group007	NW_024609383.1	157379	147159167
scaff_group007	NW_024609384.1	157548	147316715
scaff_group007	NW_024609385.1	157785	147474500
scaff_group007	NW_024609386.1	158071	147632571
scaff_group007	NW_024609387.1	158211	147790782
scaff_group007	NW_024609388.1	158591	147949373
scaff_group007	NW_024609389.1	158675	148108048
scaff_group007	NW_024609390.1	158711	148266759
scaff_group007	NW_024609391.1	158818	148425577
scaff_group007	NW_024609392.1	159401	148584978
scaff_group007	NW_024609393.1	159510	148744488
scaff_group007	NW_024609394.1	160026	148904514
scaff_group007	NW_024609395.1	160129	149064643
scaff_group007	NW_024609396.1	160249	149224892
scaff_group007	NW_024609397.1	160675	149385567
scaff_group007	NW_024609398.1	160897	149546464
scaff_group007	NW_024609399.1	161026	149707490
scaff_group007	NW_024609400.1	161124	149868614
scaff_group007	NW_024609401.1	161188	150029802
scaff_group007	NW_024609402.1	161607	150191409
scaff_group007	NW_024609403.1	161670	150353079
scaff_group007	NW_024609404.1	161727	150514806
scaff_group007	NW_024609405.1	161752	150676558
scaff_group007	NW_024609406.1	161908	150838466
scaff_group007	NW_024609407.1	162166	151000632
scaff_group007	NW_024609408.1	162209	151162841
scaff_group007	NW_024609409.1	162543	151325384
scaff_group007	NW_024609410.1	162614	151487998
scaff_group007	NW_024609411.1	162690	151650688
scaff_group007	NW_024609412.1	163575	151814263
scaff_group007	NW_024609413.1	164220	151978483
scaff_group007	NW_024609414.1	164511	152142994
scaff_group007	NW_024609415.1	164788	152307782
scaff_group007	NW_024609416.1	165388	152473170
scaff_group007	NW_024609417.1	165402	152638572
scaff_group007	NW_024609418.1	165708	152804280
scaff_group007	NW_024609419.1	165816	152970096
scaff_group007	NW_024609420.1	165971	153136067
scaff_group007	NW_024609421.1	166485	153302552
scaff_group007	NW_024609422.1	166941	153469493
scaff_group007	NW_024609423.1	167038	153636531
scaff_group007	NW_024609424.1	168258	153804789
scaff_group007	NW_024609425.1	168362	153973151
scaff_group007	NW_024609426.1	169469	154142620
scaff_group007	NW_024609427.1	169499	154312119
scaff_group007	NW_024609428.1	170646	154482765
scaff_group007	NW_024609429.1	170911	154653676
scaff_group007	NW_024609430.1	171084	154824760
scaff_group007	NW_024609431.1	172279	154997039
scaff_group007	NW_024609432.1	172525	155169564
scaff_group007	NW_024609433.1	172634	155342198
scaff_group007	NW_024609434.1	172846	155515044
scaff_group007	NW_024609435.1	172919	155687963
scaff_group007	NW_024609436.1	173034	155860997
scaff_group007	NW_024609437.1	173608	156034605
scaff_group007	NW_024609438.1	174280	156208885
scaff_group007	NW_024609439.1	174481	156383366
scaff_group007	NW_024609440.1	174918	156558284
scaff_group007	NW_024609441.1	175185	156733469
scaff_group007	NW_024609442.1	175553	156909022
scaff_group007	NW_024609443.1	176187	157085209
scaff_group007	NW_024609444.1	176386	157261595
scaff_group007	NW_024609445.1	176537	157438132
scaff_group007	NW_024609446.1	176996	157615128
scaff_group007	NW_024609447.1	177290	157792418
scaff_group007	NW_024609448.1	177976	157970394
scaff_group007	NW_024609449.1	178564	158148958
scaff_group007	NW_024609450.1	178565	158327523
scaff_group007	NW_024609451.1	179029	158506552
scaff_group007	NW_024609452.1	179039	158685591
scaff_group007	NW_024609453.1	179748	158865339
scaff_group007	NW_024609454.1	179827	159045166
scaff_group007	NW_024609455.1	179880	159225046
scaff_group007	NW_024609456.1	180132	159405178
scaff_group007	NW_024609457.1	180396	159585574
scaff_group007	NW_024609458.1	180585	159766159
scaff_group007	NW_024609459.1	180677	159946836
scaff_group007	NW_024609460.1	181134	160127970
scaff_group007	NW_024609461.1	181252	160309222
scaff_group007	NW_024609462.1	181330	160490552
scaff_group007	NW_024609463.1	181905	160672457
scaff_group007	NW_024609464.1	182552	160855009
scaff_group007	NW_024609465.1	182647	161037656
scaff_group007	NW_024609466.1	182839	161220495
scaff_group007	NW_024609467.1	183363	161403858
scaff_group007	NW_024609468.1	183602	161587460
scaff_group007	NW_024609469.1	183952	161771412
scaff_group007	NW_024609470.1	184449	161955861
scaff_group007	NW_024609471.1	184466	162140327
scaff_group007	NW_024609472.1	184510	162324837
scaff_group007	NW_024609473.1	184654	162509491
scaff_group007	NW_024609474.1	184912	162694403
scaff_group007	NW_024609475.1	185977	162880380
scaff_group007	NW_024609476.1	186094	163066474
scaff_group007	NW_024609477.1	186471	163252945
scaff_group008	NW_024609478.1	187226	163440171
scaff_group008	NW_024609479.1	187521	163627692
scaff_group008	NW_024609480.1	187583	163815275
scaff_group008	NW_024609481.1	187655	164002930
scaff_group008	NW_024609482.1	188094	164191024
scaff_group008	NW_024609483.1	188410	164379434
scaff_group008	NW_024609484.1	188450	164567884
scaff_group008	NW_024609485.1	188637	164756521
scaff_group008	NW_024609486.1	189198	164945719
scaff_group008	NW_024609487.1	190549	165136268
scaff_group008	NW_024609488.1	190903	165327171
scaff_group008	NW_024609489.1	191037	165518208
scaff_group008	NW_024609490.1	191400	165709608
scaff_group008	NW_024609491.1	191478	165901086
scaff_group008	NW_024609492.1	191727	166092813
scaff_group008	NW_024609493.1	192006	166284819
scaff_group008	NW_024609494.1	192901	166477720
scaff_group008	NW_024609495.1	193236	166670956
scaff_group008	NW_024609496.1	193404	166864360
scaff_group008	NW_024609497.1	193547	167057907
scaff_group008	NW_024609498.1	194655	167252562
scaff_group008	NW_024609499.1	195138	167447700
scaff_group008	NW_024609500.1	195331	167643031
scaff_group008	NW_024609501.1	195380	167838411
scaff_group008	NW_024609502.1	195759	168034170
scaff_group008	NW_024609503.1	195933	168230103
scaff_group008	NW_024609504.1	196445	168426548
scaff_group008	NW_024609505.1	196687	168623235
scaff_group008	NW_024609506.1	197269	168820504
scaff_group008	NW_024609507.1	197367	169017871
scaff_group008	NW_024609508.1	197520	169215391
scaff_group008	NW_024609509.1	197553	169412944
scaff_group008	NW_024609510.1	198537	169611481
scaff_group008	NW_024609511.1	198553	169810034
scaff_group008	NW_024609512.1	198784	170008818
scaff_group008	NW_024609513.1	198790	170207608
scaff_group008	NW_024609514.1	199363	170406971
scaff_group008	NW_024609515.1	200073	170607044
scaff_group008	NW_024609516.1	200182	170807226
scaff_group008	NW_024609517.1	200590	171007816
scaff_group008	NW_024609518.1	201279	171209095
scaff_group008	NW_024609519.1	201388	171410483
scaff_group008	NW_024609520.1	201797	171612280
scaff_group008	NW_024609521.1	203533	171815813
scaff_group008	NW_024609522.1	203974	172019787
scaff_group008	NW_024609523.1	204098	172223885
scaff_group008	NW_024609524.1	204308	172428193
scaff_group008	NW_024609525.1	205603	172633796
scaff_group008	NW_024609526.1	205645	172839441
scaff_group008	NW_024609527.1	206079	173045520
scaff_group008	NW_024609528.1	206611	173252131
scaff_group008	NW_024609529.1	206649	173458780
scaff_group008	NW_024609530.1	207129	173665909
scaff_group008	NW_024609531.1	208430	173874339
scaff_group008	NW_024609532.1	209037	174083376
scaff_group008	NW_024609533.1	209052	174292428
scaff_group008	NW_024609534.1	210142	174502570
scaff_group008	NW_024609535.1	210891	174713461
scaff_group008	NW_024609536.1	211737	174925198
scaff_group008	NW_024609537.1	212381	175137579
scaff_group008	NW_024609538.1	212569	175350148
scaff_group008	NW_024609539.1	212914	175563062
scaff_group008	NW_024609540.1	213291	175776353
scaff_group008	NW_024609541.1	213720	175990073
scaff_group008	NW_024609542.1	213833	176203906
scaff_group008	NW_024609543.1	214160	176418066
scaff_group008	NW_024609544.1	214191	176632257
scaff_group008	NW_024609545.1	214553	176846810
scaff_group008	NW_024609546.1	215032	177061842
scaff_group008	NW_024609547.1	215124	177276966
scaff_group008	NW_024609548.1	215288	177492254
scaff_group008	NW_024609549.1	215389	177707643
scaff_group008	NW_024609550.1	215621	177923264
scaff_group008	NW_024609551.1	215842	178139106
scaff_group008	NW_024609552.1	216653	178355759
scaff_group008	NW_024609553.1	217019	178572778
scaff_group008	NW_024609554.1	217335	178790113
scaff_group008	NW_024609555.1	217900	179008013
scaff_group008	NW_024609556.1	218496	179226509
scaff_group008	NW_024609557.1	218633	179445142
scaff_group008	NW_024609558.1	218844	179663986
scaff_group008	NW_024609559.1	219120	179883106
scaff_group008	NW_024609560.1	219351	180102457
scaff_group008	NW_024609561.1	219392	180321849
scaff_group008	NW_024609562.1	219635	180541484
scaff_group008	NW_024609563.1	219796	180761280
scaff_group008	NW_024609564.1	221616	180982896
scaff_group008	NW_024609565.1	222021	181204917
scaff_group008	NW_024609566.1	222988	181427905
scaff_group008	NW_024609567.1	223534	181651439
scaff_group008	NW_024609568.1	225010	181876449
scaff_group008	NW_024609569.1	225783	182102232
scaff_group008	NW_024609570.1	226021	182328253
scaff_group008	NW_024609571.1	226406	182554659
scaff_group008	NW_024609572.1	227578	182782237
scaff_group008	NW_024609573.1	227837	183010074
scaff_group008	NW_024609574.1	228438	183238512
scaff_group008	NW_024609575.1	228630	183467142
scaff_group008	NW_024609576.1	229071	183696213
scaff_group008	NW_024609577.1	229866	183926079
scaff_group008	NW_024609578.1	230982	184157061
scaff_group008	NW_024609579.1	231303	184388364
scaff_group008	NW_024609580.1	231660	184620024
scaff_group008	NW_024609581.1	231932	184851956
scaff_group008	NW_024609582.1	232835	185084791
scaff_group008	NW_024609583.1	233313	185318104
scaff_group008	NW_024609584.1	233497	185551601
scaff_group008	NW_024609585.1	234605	185786206
scaff_group008	NW_024609586.1	236565	186022771
scaff_group008	NW_024609587.1	236724	186259495
scaff_group008	NW_024609588.1	237486	186496981
scaff_group009	NW_024609589.1	238676	186735657
scaff_group009	NW_024609590.1	241549	186977206
scaff_group009	NW_024609591.1	241626	187218832
scaff_group009	NW_024609592.1	242651	187461483
scaff_group009	NW_024609593.1	243386	187704869
scaff_group009	NW_024609594.1	243513	187948382
scaff_group009	NW_024609595.1	245555	188193937
scaff_group009	NW_024609596.1	245605	188439542
scaff_group009	NW_024609597.1	245936	188685478
scaff_group009	NW_024609598.1	246333	188931811
scaff_group009	NW_024609599.1	246751	189178562
scaff_group009	NW_024609600.1	247623	189426185
scaff_group009	NW_024609601.1	247693	189673878
scaff_group009	NW_024609602.1	248071	189921949
scaff_group009	NW_024609603.1	249797	190171746
scaff_group009	NW_024609604.1	249930	190421676
scaff_group009	NW_024609605.1	250260	190671936
scaff_group009	NW_024609606.1	250762	190922698
scaff_group009	NW_024609607.1	250990	191173688
scaff_group009	NW_024609608.1	252665	191426353
scaff_group009	NW_024609609.1	252810	191679163
scaff_group009	NW_024609610.1	253504	191932667
scaff_group009	NW_024609611.1	256552	192189219
scaff_group009	NW_024609612.1	256939	192446158
scaff_group009	NW_024609613.1	258034	192704192
scaff_group009	NW_024609614.1	259575	192963767
scaff_group009	NW_024609615.1	260292	193224059
scaff_group009	NW_024609616.1	260681	193484740
scaff_group009	NW_024609617.1	261576	193746316
scaff_group009	NW_024609618.1	262643	194008959
scaff_group009	NW_024609619.1	263533	194272492
scaff_group009	NW_024609620.1	263543	194536035
scaff_group009	NW_024609621.1	263724	194799759
scaff_group009	NW_024609622.1	264765	195064524
scaff_group009	NW_024609623.1	265457	195329981
scaff_group009	NW_024609624.1	266704	195596685
scaff_group009	NW_024609625.1	267148	195863833
scaff_group009	NW_024609626.1	267532	196131365
scaff_group009	NW_024609627.1	267603	196398968
scaff_group009	NW_024609628.1	268888	196667856
scaff_group009	NW_024609629.1	270933	196938789
scaff_group009	NW_024609630.1	271265	197210054
scaff_group009	NW_024609631.1	273050	197483104
scaff_group009	NW_024609632.1	273093	197756197
scaff_group009	NW_024609633.1	275453	198031650
scaff_group009	NW_024609634.1	276532	198308182
scaff_group009	NW_024609635.1	277304	198585486
scaff_group009	NW_024609636.1	279786	198865272
scaff_group009	NW_024609637.1	280002	199145274
scaff_group009	NW_024609638.1	280370	199425644
scaff_group009	NW_024609639.1	280519	199706163
scaff_group009	NW_024609640.1	280913	199987076
scaff_group009	NW_024609641.1	281337	200268413
scaff_group009	NW_024609642.1	282948	200551361
scaff_group009	NW_024609643.1	283131	200834492
scaff_group009	NW_024609644.1	283472	201117964
scaff_group009	NW_024609645.1	283857	201401821
scaff_group009	NW_024609646.1	285258	201687079
scaff_group009	NW_024609647.1	285647	201972726
scaff_group009	NW_024609648.1	285814	202258540
scaff_group009	NW_024609649.1	285867	202544407
scaff_group009	NW_024609650.1	286020	202830427
scaff_group009	NW_024609651.1	286559	203116986
scaff_group009	NW_024609652.1	286563	203403549
scaff_group009	NW_024609653.1	286776	203690325
scaff_group009	NW_024609654.1	287730	203978055
scaff_group009	NW_024609655.1	287820	204265875
scaff_group009	NW_024609656.1	288246	204554121
scaff_group009	NW_024609657.1	289406	204843527
scaff_group009	NW_024609658.1	289455	205132982
scaff_group009	NW_024609659.1	290568	205423550
scaff_group009	NW_024609660.1	291910	205715460
scaff_group009	NW_024609661.1	293473	206008933
scaff_group009	NW_024609662.1	294100	206303033
scaff_group009	NW_024609663.1	294211	206597244
scaff_group009	NW_024609664.1	295112	206892356
scaff_group009	NW_024609665.1	295369	207187725
scaff_group009	NW_024609666.1	295561	207483286
scaff_group009	NW_024609667.1	297071	207780357
scaff_group009	NW_024609668.1	298618	208078975
scaff_group009	NW_024609669.1	299176	208378151
scaff_group009	NW_024609670.1	299353	208677504
scaff_group009	NW_024609671.1	300042	208977546
scaff_group009	NW_024609672.1	300673	209278219
scaff_group009	NW_024609673.1	300919	209579138
scaff_group009	NW_024609674.1	301527	209880665
scaff_group010	NW_024609675.1	302247	210182912
scaff_group010	NW_024609676.1	302303	210485215
scaff_group010	NW_024609677.1	302337	210787552
scaff_group010	NW_024609678.1	302713	211090265
scaff_group010	NW_024609679.1	302846	211393111
scaff_group010	NW_024609680.1	303143	211696254
scaff_group010	NW_024609681.1	303400	211999654
scaff_group010	NW_024609682.1	303638	212303292
scaff_group010	NW_024609683.1	304044	212607336
scaff_group010	NW_024609684.1	305286	212912622
scaff_group010	NW_024609685.1	305964	213218586
scaff_group010	NW_024609686.1	306375	213524961
scaff_group010	NW_024609687.1	307122	213832083
scaff_group010	NW_024609688.1	307992	214140075
scaff_group010	NW_024609689.1	308005	214448080
scaff_group010	NW_024609690.1	308032	214756112
scaff_group010	NW_024609691.1	310736	215066848
scaff_group010	NW_024609692.1	311664	215378512
scaff_group010	NW_024609693.1	312968	215691480
scaff_group010	NW_024609694.1	313588	216005068
scaff_group010	NW_024609695.1	313662	216318730
scaff_group010	NW_024609696.1	314638	216633368
scaff_group010	NW_024609697.1	316281	216949649
scaff_group010	NW_024609698.1	317579	217267228
scaff_group010	NW_024609699.1	319094	217586322
scaff_group010	NW_024609700.1	319395	217905717
scaff_group010	NW_024609701.1	320415	218226132
scaff_group010	NW_024609702.1	320903	218547035
scaff_group010	NW_024609703.1	322664	218869699
scaff_group010	NW_024609704.1	322664	219192363
scaff_group010	NW_024609705.1	322682	219515045
scaff_group010	NW_024609706.1	324133	219839178
scaff_group010	NW_024609707.1	327639	220166817
scaff_group010	NW_024609708.1	330408	220497225
scaff_group010	NW_024609709.1	331722	220828947
scaff_group010	NW_024609710.1	332205	221161152
scaff_group010	NW_024609711.1	333787	221494939
scaff_group010	NW_024609712.1	336230	221831169
scaff_group010	NW_024609713.1	337017	222168186
scaff_group010	NW_024609714.1	337933	222506119
scaff_group010	NW_024609715.1	338604	222844723
scaff_group010	NW_024609716.1	339131	223183854
scaff_group010	NW_024609717.1	339935	223523789
scaff_group010	NW_024609718.1	340692	223864481
scaff_group010	NW_024609719.1	341669	224206150
scaff_group010	NW_024609720.1	343392	224549542
scaff_group010	NW_024609721.1	346198	224895740
scaff_group010	NW_024609722.1	349472	225245212
scaff_group010	NW_024609723.1	349750	225594962
scaff_group010	NW_024609724.1	350750	225945712
scaff_group010	NW_024609725.1	352593	226298305
scaff_group010	NW_024609726.1	353619	226651924
scaff_group010	NW_024609727.1	355574	227007498
scaff_group010	NW_024609728.1	355680	227363178
scaff_group010	NW_024609729.1	357897	227721075
scaff_group010	NW_024609730.1	358055	228079130
scaff_group010	NW_024609731.1	360725	228439855
scaff_group010	NW_024609732.1	361993	228801848
scaff_group010	NW_024609733.1	366055	229167903
scaff_group010	NW_024609734.1	369534	229537437
scaff_group010	NW_024609735.1	372864	229910301
scaff_group010	NW_024609736.1	373280	230283581
scaff_group010	NW_024609737.1	375658	230659239
scaff_group010	NW_024609738.1	376036	231035275
scaff_group010	NW_024609739.1	378661	231413936
scaff_group010	NW_024609740.1	379394	231793330
scaff_group010	NW_024609741.1	379739	232173069
scaff_group010	NW_024609742.1	382309	232555378
scaff_group010	NW_024609743.1	383676	232939054
scaff_group010	NW_024609744.1	384669	233323723
scaff_group011	NW_024609745.1	385642	233709365
scaff_group011	NW_024609746.1	385802	234095167
scaff_group011	NW_024609747.1	386786	234481953
scaff_group011	NW_024609748.1	386826	234868779
scaff_group011	NW_024609749.1	388311	235257090
scaff_group011	NW_024609750.1	389629	235646719
scaff_group011	NW_024609751.1	392853	236039572
scaff_group011	NW_024609752.1	394884	236434456
scaff_group011	NW_024609753.1	396274	236830730
scaff_group011	NW_024609754.1	399557	237230287
scaff_group011	NW_024609755.1	399690	237629977
scaff_group011	NW_024609756.1	400943	238030920
scaff_group011	NW_024609757.1	402158	238433078
scaff_group011	NW_024609758.1	405977	238839055
scaff_group011	NW_024609759.1	408226	239247281
scaff_group011	NW_024609760.1	408998	239656279
scaff_group011	NW_024609761.1	414629	240070908
scaff_group011	NW_024609762.1	419518	240490426
scaff_group011	NW_024609763.1	424858	240915284
scaff_group011	NW_024609764.1	430215	241345499
scaff_group011	NW_024609765.1	432387	241777886
scaff_group011	NW_024609766.1	433886	242211772
scaff_group011	NW_024609767.1	434134	242645906
scaff_group011	NW_024609768.1	434589	243080495
scaff_group011	NW_024609769.1	437877	243518372
scaff_group011	NW_024609770.1	440445	243958817
scaff_group011	NW_024609771.1	442466	244401283
scaff_group011	NW_024609772.1	443589	244844872
scaff_group011	NW_024609773.1	443703	245288575
scaff_group011	NW_024609774.1	451917	245740492
scaff_group011	NW_024609775.1	453556	246194048
scaff_group011	NW_024609776.1	464692	246658740
scaff_group011	NW_024609777.1	470506	247129246
scaff_group011	NW_024609778.1	470741	247599987
scaff_group011	NW_024609779.1	471252	248071239
scaff_group011	NW_024609780.1	473211	248544450
scaff_group011	NW_024609781.1	478947	249023397
scaff_group011	NW_024609782.1	491938	249515335
scaff_group011	NW_024609783.1	503575	250018910
scaff_group011	NW_024609784.1	505531	250524441
scaff_group011	NW_024609785.1	505985	251030426
scaff_group011	NW_024609786.1	506152	251536578
scaff_group011	NW_024609787.1	508705	252045283
scaff_group011	NW_024609788.1	511414	252556697
scaff_group011	NW_024609789.1	519032	253075729
scaff_group011	NW_024609790.1	519374	253595103
scaff_group011	NW_024609791.1	522167	254117270
scaff_group011	NW_024609792.1	526060	254643330
scaff_group011	NW_024609793.1	532542	255175872
scaff_group011	NW_024609794.1	538094	255713966
scaff_group011	NW_024609795.1	542033	256255999
scaff_group012	NW_024609796.1	543430	256799429
scaff_group012	NW_024609797.1	543998	257343427
scaff_group012	NW_024609798.1	554106	257897533
scaff_group012	NW_024609799.1	558817	258456350
scaff_group012	NW_024609800.1	559341	259015691
scaff_group012	NW_024609801.1	560382	259576073
scaff_group012	NW_024609802.1	571861	260147934
scaff_group012	NW_024609803.1	577746	260725680
scaff_group012	NW_024609804.1	604037	261329717
scaff_group012	NW_024609805.1	607458	261937175
scaff_group012	NW_024609806.1	611564	262548739
scaff_group012	NW_024609807.1	623697	263172436
scaff_group012	NW_024609808.1	643824	263816260
scaff_group012	NW_024609809.1	671989	264488249
scaff_group012	NW_024609810.1	684138	265172387
scaff_group012	NW_024609811.1	701568	265873955
scaff_group012	NW_024609812.1	709376	266583331
scaff_group012	NW_024609813.1	727537	267310868
scaff_group012	NW_024609814.1	762520	268073388
scaff_group012	NW_024609815.1	775003	268848391
scaff_group012	NW_024609816.1	779412	269627803
scaff_group012	NW_024609817.1	839725	270467528
scaff_group012	NW_024609818.1	870963	271338491
scaff_group012	NW_024609819.1	875996	272214487
scaff_group012	NW_024609820.1	926959	273141446
scaff_group012	NW_024609821.1	938440	274079886
scaff_group012	NW_024609822.1	997707	275077593
scaff_group012	NW_024609823.1	1022459	276100052
scaff_group012	NW_024609824.1	1121839	277221891
scaff_group012	NW_024609825.1	1151245	278373136
scaff_group012	NW_024609826.1	1275552	279648688
scaff_group013	NW_024609827.1	1434038	281082726
scaff_group013	NW_024609828.1	1456904	282539630
scaff_group013	NW_024609829.1	1606804	284146434
scaff_group013	NW_024609830.1	1847318	285993752
scaff_group013	NW_024609831.1	1874003	287867755
scaff_group013	NW_024609832.1	2153388	290021143
scaff_group013	NW_024609833.1	2953987	292975130
scaff_group013	NW_024609834.1	3020329	295995459